index,data_type,voltage mean,voltage std,voltage kurtosis,voltage skewness,CC Q,CC charge time,voltage slope,voltage entropy,current mean,current std,current kurtosis,current skewness,CV Q,CV charge time,current slope,current entropy,capacity,true_soh,soh_pred
0,train,4.098215,0.061195355,-1.2983164,0.0640376,0.6163046,1265.6761,0.00012293666,3.572309,0.3119166,0.09311872,-1.111608,0.31525853,0.059797216,692.9441,-0.0006138506,3.9945648,3.238263910362547,1.0,
1,train,4.100243,0.06115966,-1.3006406,0.05438254,0.6157033,1264.5221,0.000120308876,3.5737941,0.31478482,0.09325808,-1.1151097,0.31141543,0.060661487,699.16406,-0.0006107477,3.9987824,3.2323934138060166,0.9981871469654636,
2,train,4.099003,0.062227573,-1.3047963,0.058257934,0.6276879,1289.1001,0.00012019524,3.59545,0.31350192,0.09468663,-1.1085593,0.3209207,0.061839398,712.9701,-0.0006076638,4.0213614,3.227309907794192,0.9966173224692089,
3,train,4.101266,0.06220769,-1.3120688,0.04480797,0.6203614,1274.0521,0.00012128725,3.5967748,0.31322622,0.09278948,-1.1114893,0.3143035,0.061234277,709.25006,-0.00060299656,4.0119524,3.221939938731151,0.9949590360504099,
4,train,4.100289,0.061163764,-1.3012443,0.054506443,0.6165233,1266.2961,0.000122011326,3.5738354,0.31346655,0.09335654,-1.1105897,0.31672522,0.061871894,713.66406,-0.00060038123,4.022833,3.216212919474555,0.9931904898740871,
5,train,4.097047,0.06091583,-1.2917987,0.073434345,0.61636925,1265.9402,0.00012337399,3.5723307,0.3126297,0.09393616,-1.1085738,0.3188316,0.06249175,722.04407,-0.00059536827,4.0353,3.210775398239748,0.9915113428418125,
6,train,4.099847,0.0611606,-1.2999794,0.059886083,0.6183593,1270.1741,0.00012118554,3.5737734,0.3134109,0.092295796,-1.1124114,0.31272423,0.062069286,717.74805,-0.00059141655,4.0255647,3.205400010167913,0.989851382992761,
7,train,4.0963426,0.06091367,-1.2886823,0.07851179,0.6175487,1268.5021,0.00012415866,3.5720127,0.31235728,0.09363647,-1.1079359,0.32061824,0.06336478,733.2521,-0.0005854747,4.0488296,3.200433611750624,0.9883177221934059,
8,train,4.1004725,0.062182758,-1.3093894,0.05109718,0.6244346,1282.3942,0.00012284551,3.5967948,0.31311,0.09346743,-1.1114796,0.31673646,0.063712664,737.1481,-0.0005828413,4.0511622,3.1952486623407657,0.98671657122073,
9,train,4.100083,0.061058544,-1.2992821,0.059092667,0.61826694,1269.7382,0.00012357922,3.5732045,0.31416306,0.09414795,-1.1079872,0.3202228,0.064648844,744.16406,-0.0005820913,4.061907,3.1902333731850847,0.9851678125974344,
10,train,4.1015015,0.062135413,-1.3116479,0.04526206,0.62125957,1275.8982,0.0001225108,3.5972314,0.3157823,0.09394652,-1.1088824,0.31799307,0.06526519,749.7621,-0.00057709235,4.066396,3.185302629777158,0.9836451623303737,
11,train,4.0995626,0.060959484,-1.295024,0.06238137,0.618745,1270.7821,0.00012402832,3.5735247,0.31187505,0.09353971,-1.1073165,0.3217469,0.06499424,753.1681,-0.0005723735,4.074204,3.1801246717664933,0.9820461703538101,
12,train,4.096442,0.061022814,-1.2896798,0.07851235,0.6205592,1274.7441,0.00012573531,3.5721066,0.31331995,0.093383804,-1.1097039,0.3185632,0.06546709,756.5561,-0.0005690522,4.077941,3.175042822199704,0.9804768573801123,
13,train,4.0995703,0.06217546,-1.3051838,0.058721,0.6282845,1290.6141,0.00012185788,3.5955868,0.31371543,0.09419386,-1.1078813,0.32057664,0.06635235,765.24207,-0.00056613085,4.089119,3.169800115724825,0.9788578705958351,
14,train,4.100816,0.06216049,-1.3088262,0.05038438,0.6243747,1282.4381,0.00012525507,3.5970325,0.31326494,0.09231478,-1.1112757,0.31471226,0.06546537,756.6501,-0.000561728,4.078832,3.1647614902411574,0.9773019055407499,
15,train,4.0978274,0.06086652,-1.2887584,0.07420489,0.61995894,1273.2761,0.00012415866,3.573344,0.31300452,0.09289713,-1.1084234,0.31901553,0.06640034,769.1481,-0.0005604377,4.0922427,3.1609762146777305,0.9761329842705243,
16,train,4.0970345,0.06095022,-1.2896034,0.076407574,0.6214368,1276.2961,0.00012573531,3.57283,0.31250992,0.09335187,-1.1070918,0.32167643,0.066824,772.3561,-0.0005552217,4.101174,3.156487992334121,0.9747469878020935,
17,train,4.101758,0.06204553,-1.3090862,0.04581548,0.6218187,1277.0421,0.00012642331,3.5978923,0.31419474,0.09320372,-1.1069053,0.3202747,0.067461245,777.8641,-0.00055522146,4.1038747,3.1517089558603213,0.9732711857655434,
18,train,4.0976562,0.059804406,-1.2853783,0.07388562,0.6074143,1247.4441,0.00012941065,3.550602,0.31407294,0.093763284,-1.1062745,0.32190004,0.06816037,784.9681,-0.0005524257,4.1148133,3.146242314993492,0.9715830463741443,
19,train,4.099767,0.060937885,-1.2942398,0.06399781,0.62121916,1275.8622,0.00012523308,3.5734372,0.31394887,0.09424889,-1.1039666,0.32570228,0.06909643,796.8641,-0.0005486017,4.127246,3.14158709386122,0.970145479436695,
20,train,4.097592,0.05969266,-1.2839625,0.0765728,0.60716987,1246.9681,0.00012888265,3.5504708,0.312991,0.09240425,-1.1071082,0.3205593,0.068153515,789.4521,-0.0005427801,4.1176877,3.136296387122261,0.9685116698135731,
21,train,4.0982127,0.062023405,-1.2964319,0.06890961,0.63418466,1302.5001,0.00012586731,3.5956678,0.3129945,0.09307104,-1.1051205,0.32433566,0.06878533,794.75006,-0.00054231327,4.125938,3.1319798311456952,0.9671786851971085,
22,train,4.0988045,0.060982905,-1.2927201,0.067710556,0.622906,1279.3102,0.00012709055,3.573432,0.3140915,0.09381318,-1.104294,0.326788,0.0701451,809.7441,-0.0005392038,4.140434,3.126752629790988,0.9655644865093548,
23,train,4.099699,0.060987588,-1.2942412,0.06559503,0.62219995,1277.8262,0.00012658295,3.5738196,0.31217784,0.09264144,-1.1032205,0.32617584,0.06963178,807.9441,-0.0005358044,4.140653,3.122350686931832,0.9642051337879568,
24,train,4.1012464,0.06199843,-1.3061124,0.05367046,0.62427014,1282.1001,0.0001274006,3.5972693,0.3115574,0.09319629,-1.101263,0.328628,0.07028598,816.5581,-0.00053492,4.1506076,3.117725611035021,0.9627768759236084,
25,train,4.097459,0.0609305,-1.2893019,0.07791418,0.62386656,1281.2081,0.00012625665,3.5730116,0.3115141,0.0936042,-1.0995713,0.331791,0.07088797,821.4521,-0.00053013326,4.161256,3.1131320385814067,0.9613583465570196,
26,train,4.0963345,0.060807534,-1.2849886,0.08083383,0.6234926,1280.5321,0.00012783732,3.57349,0.3133853,0.09373742,-1.101321,0.3298657,0.07149449,825.0621,-0.00052962964,4.1621046,3.1082959137607142,0.9598649152140037,
27,train,4.1000133,0.06094188,-1.293369,0.06364853,0.62080175,1275.1082,0.00012694094,3.5745091,0.3126615,0.09429685,-1.1002003,0.33289418,0.07208533,832.8601,-0.0005282069,4.171939,3.103900880098201,0.9585076961039586,
28,train,4.099279,0.06096536,-1.2917048,0.067240894,0.6239359,1281.5082,0.0001274508,3.5746558,0.31348842,0.09413897,-1.100546,0.3306674,0.07236193,834.5461,-0.0005256596,4.173012,3.0996112987052395,0.9571830414397002,
29,train,4.0978475,0.060763497,-1.2857205,0.077464215,0.6234238,1280.4462,0.00012520798,3.5734415,0.31395486,0.09411554,-1.1007698,0.32922024,0.07260972,837.3561,-0.00052587246,4.1757326,3.0953677002353244,0.9558725866443589,
30,train,4.099459,0.06191142,-1.2978623,0.063797764,0.6299409,1293.8401,0.00012696086,3.5963824,0.3128164,0.09311112,-1.101981,0.32876596,0.07224477,835.2461,-0.0005194834,4.174943,3.091304297698705,0.9546177776945336,
31,train,4.099761,0.06077328,-1.288621,0.06880024,0.62092704,1275.4501,0.0001286862,3.5746715,0.31250697,0.09356751,-1.0998718,0.33052045,0.07291475,842.7481,-0.000518646,4.1854186,3.087233740927057,0.9533607594636778,
32,train,4.0995235,0.0621076,-1.3002009,0.063608676,0.63081855,1295.6802,0.00012634408,3.5963774,0.3124117,0.09341209,-1.10045,0.3304045,0.07305115,845.94006,-0.0005167063,4.1860733,3.08410254975111,0.9523938243210766,
33,train,4.1000185,0.060981397,-1.293516,0.06497763,0.62087464,1275.4102,0.00012822296,3.575475,0.31282446,0.09428425,-1.0991272,0.33258462,0.07410235,857.75006,-0.00051517604,4.1979403,3.0822292512021225,0.9518153357849839,
34,train,4.0971694,0.05961724,-1.2796413,0.07993345,0.6087329,1250.6382,0.00013334866,3.5509725,0.31343713,0.094304934,-1.1004063,0.32992625,0.07421969,857.1581,-0.00051346904,4.197749,3.078945188049588,0.9508011926380879,
35,train,4.096507,0.060929388,-1.2824878,0.08421537,0.625006,1283.9501,0.00012835799,3.5735424,0.3130045,0.093897186,-1.0998249,0.3301077,0.07409828,856.7481,-0.0005116609,4.198679,3.075430296830511,0.9497157680660421,
36,train,4.097278,0.060840286,-1.283926,0.07913593,0.62408555,1282.0481,0.00012730932,3.5736465,0.3134264,0.09386427,-1.1001511,0.32886264,0.07421385,857.04407,-0.000511046,4.1992316,3.071270056079782,0.9484310547548706,
37,train,4.0978627,0.059641756,-1.2781322,0.07767665,0.6092219,1251.5321,0.00013334598,3.5525088,0.3121962,0.09435411,-1.0965083,0.33408827,0.07455302,862.3441,-0.0005110058,4.206164,3.066960001754285,0.947100077896652,
38,train,4.097708,0.05971345,-1.2799518,0.080653526,0.6098012,1252.7241,0.00013071999,3.5504985,0.31324118,0.094301805,-1.1005434,0.32960346,0.07479056,862.0421,-0.0005079433,4.207932,3.063671068427193,0.9460844308036008,
39,train,4.0998206,0.06207081,-1.2997729,0.061368205,0.6284903,1291.1361,0.00012684513,3.5963924,0.31212875,0.092792474,-1.1029395,0.32595983,0.0739449,857.75006,-0.00050689356,4.199385,3.060372563142907,0.945065827818918,
40,train,4.0995293,0.06094207,-1.2890815,0.06876011,0.62203074,1277.7921,0.00013005052,3.574532,0.31122664,0.09334845,-1.100436,0.33244696,0.07427566,861.3561,-0.0005057467,4.207368,3.057256874994167,0.9441036801265172,
41,train,4.0990458,0.062005147,-1.2948834,0.06776943,0.63082117,1295.8861,0.00012771614,3.597021,0.3111482,0.09378133,-1.0985123,0.3329946,0.075100504,870.9721,-0.00050177076,4.2174625,3.054080635979953,0.9431228338761392,
42,train,4.0987067,0.060995884,-1.2865906,0.072430655,0.6247948,1283.4121,0.00013015555,3.574081,0.31314462,0.09325226,-1.100354,0.32790416,0.075024754,867.1621,-0.0005028507,4.2103124,3.050944617460259,0.9421544080138556,
43,train,4.097801,0.059805494,-1.2796668,0.07788702,0.609637,1252.4321,0.00013229731,3.5506492,0.31284812,0.093775146,-1.1002754,0.33064535,0.07573535,875.4541,-0.0005010153,4.2208133,3.047353791289878,0.9410455341636144,
44,train,4.0988507,0.06207122,-1.2963715,0.067407556,0.6313749,1296.8381,0.00012837068,3.595993,0.31311375,0.092839085,-1.1002407,0.328295,0.07511293,869.0421,-0.000500605,4.2120566,3.044781074689397,0.9402510601270023,
45,train,4.099,0.060933564,-1.2859572,0.072721556,0.62314326,1280.0621,0.00013058484,3.574782,0.3129716,0.09360271,-1.1003013,0.32895628,0.07588851,877.9341,-0.00050018914,4.2215686,3.0429254155779355,0.9396780187805194,
46,train,4.098416,0.062122945,-1.2931983,0.07096935,0.6320185,1298.3861,0.00012829325,3.596451,0.3125938,0.09423428,-1.0992888,0.3332811,0.07643983,883.4441,-0.00049946795,4.2298875,3.0408422148447007,0.9390347108874942,
47,train,4.0974903,0.060793165,-1.281046,0.07953215,0.623158,1279.9362,0.00012941065,3.5743341,0.31327277,0.09357425,-1.1017665,0.32925346,0.07565368,871.73413,-0.0004993111,4.217877,3.038425783145617,0.9382884987917626,
48,train,4.100398,0.062007573,-1.299556,0.06059694,0.62511176,1284.0201,0.00013089704,3.597944,0.31359872,0.093370445,-1.1007001,0.32941493,0.07608333,878.7521,-0.000498895,4.221591,3.036552324117159,0.9377099606984147,
49,train,4.0965333,0.05970039,-1.2766463,0.08526846,0.60945,1251.5802,0.00013387331,3.5507538,0.31277853,0.093996294,-1.0976087,0.33450472,0.076511145,883.9581,-0.000498556,4.2297907,3.033759120720215,0.93684739869783,
50,train,4.09822,0.059761826,-1.2803293,0.07919476,0.609059,1250.8441,0.00013229666,3.5501754,0.3133297,0.09385017,-1.0998712,0.3307049,0.0767812,886.6461,-0.00049636327,4.231851,3.031620836340197,0.936187080564655,
51,train,4.0984755,0.062058523,-1.2921989,0.07251588,0.63066137,1295.2942,0.00012886136,3.5958676,0.3118088,0.09421689,-1.0957154,0.33727276,0.07695562,890.2421,-0.0004958309,4.24136,3.029139748383383,0.9354209021352583,
52,train,4.0971212,0.060838636,-1.2810383,0.083684504,0.62315905,1279.8221,0.00012940998,3.57254,0.31335717,0.09369517,-1.0972167,0.33516607,0.07681238,887.1401,-0.00049706915,4.231557,3.0269373292835824,0.9347407787232187,
53,train,4.100559,0.062074874,-1.3016176,0.05902748,0.62392235,1281.3982,0.0001311101,3.5963726,0.3129268,0.094346106,-1.0955522,0.3373625,0.07754685,896.64014,-0.0004948167,4.241199,3.025359120847708,0.9342534162106008,
54,train,4.098502,0.06097022,-1.2862836,0.07570268,0.6231833,1280.0161,0.00013146826,3.5741282,0.31340006,0.094136916,-1.095348,0.33694988,0.077591896,895.1461,-0.0004939459,4.24149,3.022985702247992,0.933520486880128,
55,train,4.1000137,0.060930364,-1.2904589,0.06775349,0.6179682,1269.1322,0.00013078516,3.5746534,0.31159452,0.092576675,-1.0970755,0.33381644,0.07633291,886.1381,-0.0004919505,4.2316756,3.021473761063231,0.9330535881879236,
56,train,4.096867,0.059800826,-1.2779064,0.08363247,0.609424,1251.4901,0.00013492265,3.5502934,0.3104719,0.093142316,-1.0940375,0.33857027,0.07664557,890.6521,-0.0004911045,4.2400107,3.018832237489284,0.9322378660457307,
57,train,4.099308,0.060945153,-1.2869992,0.07107418,0.6199452,1273.0421,0.00013167705,3.575197,0.31066847,0.09315256,-1.0946541,0.33839086,0.07671485,891.0481,-0.00049048726,4.2420354,3.016903402771401,0.9316422275272915,
58,train,4.098317,0.06209631,-1.2929109,0.07183831,0.630773,1295.3922,0.00013022135,3.596157,0.31256607,0.09238031,-1.0987439,0.3320317,0.07674413,889.5601,-0.0004894611,4.2331514,3.014802169710692,0.9309933511173162,
59,train,4.097573,0.059790026,-1.2770225,0.08226557,0.6078168,1248.2281,0.00013150866,3.5506601,0.31153777,0.09286517,-1.095551,0.3355176,0.07729246,898.3521,-0.0004889545,4.243234,3.0133764741060367,0.9305530857022297,
60,train,4.1003847,0.060943272,-1.2924144,0.065283634,0.6156396,1264.2362,0.00012951001,3.5749424,0.31160203,0.09300777,-1.0945623,0.33781198,0.07692465,890.6381,-0.000490298,4.239642,3.011515563541668,0.929978422667999,
61,train,4.100258,0.061015677,-1.2910306,0.06604538,0.6158353,1264.7422,0.0001311391,3.574919,0.31179878,0.09355708,-1.095488,0.3359088,0.077938214,902.6441,-0.0004878118,4.2513742,3.00867524542928,0.92910131129258,
62,train,4.100381,0.062094107,-1.2992132,0.060264897,0.62175524,1276.8601,0.00013347913,3.5981634,0.31229305,0.09343923,-1.0958489,0.33591986,0.07827004,906.8361,-0.0004874826,4.253286,3.0065272240540897,0.9284379863028172,
63,train,4.09753,0.0598034,-1.2771813,0.083248,0.6073936,1247.3582,0.00013334598,3.5516155,0.31218544,0.09338973,-1.0953078,0.33476982,0.07831304,908.25214,-0.00048793742,4.253998,3.005353162306992,0.928075427296017,
64,train,4.0992556,0.062084407,-1.2940637,0.06664274,0.62537795,1284.2921,0.00013090554,3.5976093,0.31217682,0.093181826,-1.0953794,0.33629367,0.07798972,901.7501,-0.00048602742,4.2519894,3.0036744003224016,0.9275570130990709,
65,train,4.0993085,0.062272023,-1.2980949,0.06666494,0.6254084,1284.4362,0.00012928249,3.5958936,0.31331685,0.093407646,-1.0953374,0.33622414,0.07868392,909.9601,-0.00048428445,4.2545524,3.001291691319987,0.9268212148230904,
66,train,4.0981135,0.06105908,-1.2826343,0.07720676,0.62126887,1275.9102,0.0001343796,3.573816,0.3127371,0.09390377,-1.093955,0.3383039,0.07909655,913.7661,-0.00048369137,4.2632937,2.997714346556531,0.9257165041316583,
67,train,4.0975423,0.05979104,-1.2772611,0.081785,0.6059943,1244.4982,0.00013544732,3.5514104,0.31233954,0.09366962,-1.0928416,0.3378855,0.07901929,914.2361,-0.00048259913,4.2635064,2.995056444634196,0.9248957242335687,
68,train,4.100002,0.062218685,-1.2972536,0.06267516,0.6220215,1277.4001,0.00013497497,3.5972402,0.31233817,0.094366126,-1.0934777,0.3389818,0.07982967,923.14014,-0.0004821478,4.272064,2.992050520538195,0.9239674724976982,
69,train,4.1004915,0.061145652,-1.2930726,0.06480531,0.613064,1259.0922,0.00013285964,3.5746024,0.3110316,0.09290144,-1.0947661,0.33526802,0.07851851,910.7381,-0.00047930755,4.2644997,2.989015728048094,0.9230303059868434,
70,train,4.095974,0.05977688,-1.2713751,0.09039934,0.6060121,1244.6101,0.00013886132,3.5502284,0.31212598,0.09274481,-1.0975254,0.33245566,0.07915892,918.0421,-0.00047599728,4.2657886,2.986662516937257,0.9223036168793539,
71,train,4.0996017,0.061054885,-1.2869993,0.07178146,0.614615,1262.2522,0.00013455223,3.574316,0.31154692,0.09318473,-1.0935278,0.33801726,0.079651296,923.5501,-0.00047549853,4.273985,2.984200159180769,0.9215432224752387,
72,train,4.098085,0.059850253,-1.2778467,0.07932953,0.6050221,1242.7942,0.00013282131,3.551534,0.3121974,0.093095504,-1.0948759,0.3360133,0.080095984,929.14014,-0.0004743965,4.2762866,2.982128054078911,0.9209033409957745,
73,train,4.0974975,0.060984183,-1.2771081,0.08430206,0.619461,1272.3081,0.00013282131,3.573403,0.31189013,0.09359581,-1.0918546,0.3397314,0.08064812,934.4561,-0.00047412032,4.28299,2.979220454403755,0.9200054525729527,
74,train,4.0954885,0.059755538,-1.2707425,0.09162229,0.6051141,1242.7721,0.00013728465,3.5500016,0.31135505,0.09348379,-1.0914643,0.33953035,0.08052405,934.7421,-0.00047367087,4.284454,2.977083176688639,0.9193454453053931,
75,train,4.0969896,0.05980334,-1.2744741,0.08541324,0.6049228,1242.6141,0.00013702064,3.5510752,0.31137925,0.09341563,-1.0928353,0.33900946,0.08055089,935.1461,-0.0004720699,4.2852526,2.9747876734785965,0.9186365768272258,
76,train,4.0997996,0.061092418,-1.2870449,0.06887554,0.6129035,1259.0382,0.00013437521,3.5753565,0.3120357,0.093481295,-1.0936903,0.33729893,0.08079546,936.6461,-0.0004728595,4.2854333,2.9728208113827863,0.9180291951714206,
77,train,4.0956106,0.05987357,-1.2716422,0.09076791,0.6057423,1244.2622,0.00013964665,3.5500588,0.3129423,0.09344839,-1.0936819,0.33598107,0.081056975,937.1461,-0.0004721408,4.2860827,2.971002841532118,0.917467792549216,
78,train,4.0999026,0.062145215,-1.2938775,0.06749898,0.6189291,1271.3741,0.00013309576,3.5976627,0.31136414,0.09368759,-1.0910451,0.33970243,0.08131116,943.1441,-0.00047079034,4.2937264,2.969100461900771,0.9168803235584214,
79,train,4.0959387,0.059891194,-1.2719033,0.090996265,0.60528105,1243.1962,0.00014115761,3.5504773,0.3128889,0.09317731,-1.0946474,0.33689052,0.08115753,939.4361,-0.00047077722,4.2870126,2.9670500572587093,0.9162471433424728,
80,train,4.098206,0.06106098,-1.2803562,0.079701304,0.61684984,1267.0042,0.00013774424,3.5742338,0.31269342,0.09371879,-1.0913123,0.33970916,0.081986934,949.7481,-0.0004685441,4.296785,2.965316844374053,0.9157119143022733,
81,train,4.0956616,0.059793707,-1.269653,0.09126606,0.60401773,1240.6981,0.00013806931,3.5506399,0.31208163,0.093433335,-1.0924468,0.33947384,0.08164408,946.0421,-0.00046866923,4.295089,2.963151011541478,0.915043089001888,
82,train,4.0993137,0.06102745,-1.2847724,0.07355728,0.61309254,1259.2861,0.00013554396,3.5752966,0.3116107,0.09314848,-1.090453,0.34064734,0.08157027,947.0381,-0.00046797862,4.2950215,2.961742799678685,0.9146082226964314,
83,train,4.0992246,0.061168883,-1.2866056,0.07440618,0.6138094,1260.7682,0.00013560208,3.5740862,0.31042323,0.093752496,-1.0893835,0.34413588,0.081807815,950.7361,-0.00046670806,4.302592,2.9599923787056515,0.91406767967045,
84,train,4.097988,0.059840325,-1.2758785,0.08274703,0.6037852,1240.0061,0.00013518665,3.5508559,0.3111231,0.09307869,-1.0902234,0.34160706,0.081427015,946.73413,-0.00046842097,4.294722,2.958675931536052,0.9136611509853151,
85,train,4.099061,0.062265925,-1.2931595,0.0706219,0.6213527,1276.2661,0.00013545068,3.5965307,0.31045914,0.09338356,-1.0886679,0.34439495,0.0819902,954.2401,-0.00046598204,4.303716,2.956896110780707,0.9131115290877144,
86,train,4.096746,0.061147936,-1.2804927,0.086464874,0.61995286,1273.2222,0.00013229666,3.5728395,0.3095269,0.093159825,-1.087298,0.34580415,0.08159564,951.2421,-0.0004656582,4.3020773,2.955319773292914,0.9126247443377907,
87,train,4.098432,0.062081996,-1.2880778,0.075592816,0.62268424,1278.9202,0.00013506268,3.5966532,0.31072316,0.09327738,-1.0877038,0.34483603,0.08214422,955.9441,-0.00046612718,4.3042893,2.95354153466729,0.9120756110136248,
88,train,4.0954742,0.0597287,-1.2691352,0.0930221,0.6038576,1240.3622,0.00014212265,3.551435,0.31124863,0.09317604,-1.0879791,0.3431788,0.08220127,954.2561,-0.00046548608,4.305082,2.9514551097555883,0.9114313074702894,
89,train,4.0981154,0.060953196,-1.2793428,0.08254863,0.6161475,1265.5621,0.00013695088,3.5740204,0.3108318,0.09298707,-1.0868988,0.34450892,0.08215914,955.6381,-0.0004650276,4.305248,2.950344977448595,0.9110884903504614,
90,train,4.098206,0.060962606,-1.2774503,0.081317976,0.61574566,1264.8982,0.00013727456,3.5749378,0.31018946,0.092938595,-1.0862594,0.34572098,0.08200389,955.9461,-0.0004646177,4.3044124,2.948887075387641,0.9106382793419366,
91,train,4.098376,0.06116753,-1.2829444,0.07925301,0.6158858,1265.0662,0.00013684017,3.5733597,0.3131533,0.09371119,-1.084961,0.3450005,0.08295105,959.2381,-0.00046771576,4.306373,2.9472474686492247,0.9101319565764666,
92,train,4.097787,0.059847552,-1.2739233,0.0834271,0.6032999,1239.2501,0.00013675999,3.5516741,0.3104853,0.092745475,-1.0838817,0.34713683,0.08211193,956.5441,-0.0004654373,4.30497,2.946152024343669,0.9097936752208149,
93,train,4.097791,0.05980794,-1.2724597,0.08462936,0.6027651,1237.9781,0.00013597199,3.551927,0.31062508,0.09278435,-1.0858719,0.34626493,0.08206532,954.8521,-0.0004645579,4.303006,2.944382709351672,0.9092472975811373,
94,train,4.0991397,0.062212016,-1.2912611,0.07230876,0.61956835,1272.4622,0.00013445044,3.5966578,0.31098434,0.09298721,-1.084478,0.3493681,0.08212917,954.2501,-0.0004664043,4.302681,2.943130265655243,0.9088605336449365,
95,train,4.0966845,0.061050467,-1.2751735,0.08853704,0.6179857,1269.3381,0.00013413465,3.5731797,0.31031552,0.09348441,-1.0837775,0.3511354,0.08265954,961.1681,-0.00046507095,4.31037,2.942132583780384,0.9085524420555924,
96,train,4.0973153,0.05984967,-1.2716876,0.087078854,0.60298127,1238.5082,0.00013728399,3.5512366,0.31023332,0.09272712,-1.0852169,0.34837812,0.082025155,956.1421,-0.00046430028,4.3039436,2.9410142239015022,0.9082070842003221,
97,train,4.100596,0.061090887,-1.2887771,0.06737037,0.60695153,1246.7561,0.0001356627,3.5753067,0.31073827,0.09268119,-1.0862141,0.34736654,0.08197122,952.3501,-0.00046419076,4.30197,2.9394225961633302,0.9077155777072662,
98,train,4.0972295,0.05992871,-1.2724509,0.08575453,0.6036105,1239.7721,0.00013728465,3.5512762,0.31023684,0.09280408,-1.0860889,0.34768468,0.08196701,954.94214,-0.00046411218,4.3040004,2.9385573396686464,0.9074483800610474,
99,train,4.096303,0.060969252,-1.2720737,0.090809606,0.61703867,1267.3042,0.00013623532,3.5729418,0.31061196,0.09275976,-1.0840446,0.3498065,0.08228821,959.4381,-0.00046538218,4.304866,2.937744565095617,0.9071973892228923,
100,train,4.096963,0.061047837,-1.2760811,0.085528344,0.61700594,1267.2821,0.00013387065,3.5739527,0.30958837,0.09327126,-1.0822392,0.35274503,0.082484186,961.5441,-0.00046470715,4.3110943,2.9365937675254967,0.9068420143671131,
101,train,4.0965676,0.061101735,-1.2745192,0.090316206,0.61774975,1268.7802,0.00013544665,3.5735507,0.31034228,0.09279721,-1.0842739,0.34827822,0.08209795,957.0401,-0.00046554214,4.303981,2.9353807251798494,0.9064674178613232,
102,train,4.098414,0.0600638,-1.2769997,0.0800389,0.60336506,1239.1981,0.00013649599,3.5506017,0.3109691,0.092729256,-1.0848825,0.34839013,0.0822811,957.3681,-0.00046544633,4.304814,2.93423486427219,0.9061135674836586,
103,train,4.099418,0.061190046,-1.2854813,0.07338233,0.6098948,1252.7802,0.0001366427,3.5744374,0.31097016,0.0926192,-1.0856432,0.34750554,0.08233606,958.4481,-0.00046348292,4.305099,2.932724670704753,0.9056472084686925,
104,train,4.0974755,0.05999485,-1.2734444,0.08535567,0.60289496,1238.2981,0.00013754531,3.5505135,0.30938712,0.09306776,-1.0833312,0.35111335,0.082366206,960.14014,-0.00046286432,4.3186126,2.932412374613039,0.9055507691109507,
105,train,4.09586,0.0598143,-1.2688082,0.09245123,0.6019262,1236.3761,0.00013991065,3.5510345,0.31077832,0.09445104,-1.0816469,0.3528547,0.08359918,970.1441,-0.00046413013,4.330457,2.9318500362471505,0.9053771148377183,
106,train,4.098542,0.061069258,-1.2809128,0.078931,0.61203426,1257.1761,0.0001358515,3.5744605,0.31042466,0.094263874,-1.0807198,0.3554592,0.0835324,970.8401,-0.00046423162,4.321537,2.931743628030464,0.9053442551883408,
107,train,4.0955505,0.059843782,-1.2685691,0.09212356,0.6020357,1236.7701,0.00014148398,3.5507402,0.31041116,0.094046555,-1.079335,0.35578257,0.083642,973.1441,-0.00046381727,4.3214793,2.931506776271433,0.9052711136021121,
108,train,4.097399,0.059920236,-1.272973,0.08543679,0.60137254,1235.1082,0.00013938265,3.5509424,0.31111324,0.09328935,-1.081251,0.35133708,0.083272465,969.23615,-0.00046523425,4.315286,2.9308900954880093,0.9050806779858394,
109,train,4.097498,0.059907015,-1.2717973,0.08653755,0.6014931,1235.3522,0.00013859465,3.5515056,0.31087026,0.0933435,-1.0814477,0.35287803,0.08316367,968.36414,-0.0004657413,4.314202,2.9302359595719394,0.9048786759458028,
110,train,4.0990963,0.0611699,-1.2844772,0.075579695,0.6098613,1252.6201,0.00013731858,3.5747266,0.30964917,0.09380973,-1.0767587,0.35903773,0.08331027,970.5821,-0.00046570378,4.3211665,2.9298670248456484,0.9047647461561058,
111,train,4.0982604,0.061199702,-1.2835462,0.0788989,0.61236346,1257.7802,0.00013769662,3.5740018,0.31048822,0.09329273,-1.079592,0.35598743,0.082931556,965.75214,-0.00046659313,4.3125677,2.929857654697399,0.9047618525845784,
112,train,4.094935,0.059811622,-1.2669585,0.095616356,0.6009921,1234.5282,0.00014010248,3.5509195,0.31118435,0.092715815,-1.082213,0.35166937,0.08237213,958.0601,-0.0004661236,4.3038354,2.928595431073948,0.9043720685341149,
113,train,4.100755,0.061127547,-1.2883205,0.06793622,0.6036631,1239.9502,0.00013496015,3.575718,0.31026056,0.09267619,-1.0809036,0.35263485,0.08209547,957.4361,-0.00046601336,4.303404,2.928648276348471,0.9043883875482489,
114,train,4.0979433,0.06002715,-1.2750157,0.0831107,0.60095954,1234.4362,0.00013675999,3.5507307,0.3094245,0.09341506,-1.0794495,0.3559198,0.08237933,960.25214,-0.00046632648,4.31722,2.929716813004828,0.9047183596215371,
115,train,4.0974584,0.0612107,-1.2796072,0.0830589,0.6146531,1262.6401,0.0001382723,3.5736294,0.3102901,0.09265827,-1.0825877,0.3519446,0.082010135,955.55414,-0.00046596667,4.3025184,2.929509302754316,0.9046542789115469,
116,train,4.0970917,0.061149202,-1.276794,0.08482686,0.6154039,1264.0142,0.00013544732,3.573493,0.31002098,0.09245392,-1.0786997,0.352419,0.08212637,959.3401,-0.00046661976,4.3047843,2.929303442282443,0.9045907076654807,
117,train,4.0967793,0.059918515,-1.2715272,0.087816454,0.6005787,1233.459,0.00013989744,3.5505242,0.31162733,0.093722485,-1.0779363,0.35720178,0.08339851,969.05725,-0.0004677556,4.31366,2.928964892799613,0.9044861610651413,
118,train,4.0968895,0.061127312,-1.2762161,0.08592257,0.6146272,1262.459,0.00013596304,3.5728014,0.3106522,0.09368781,-1.0776259,0.3579983,0.08284434,963.14325,-0.000469707,4.31129,2.929510077321097,0.9046545181035345,
119,train,4.1001625,0.061208177,-1.2879059,0.06851961,0.60508496,1242.917,0.0001353194,3.5752728,0.31048203,0.093380176,-1.0774376,0.3577426,0.082909435,965.35724,-0.00046786753,4.311836,2.929993880806611,0.9048039202211214,
120,train,4.097785,0.061475433,-1.2835066,0.103195,0.6173209,1268.0491,0.00013740125,3.5927756,0.30713582,0.09239334,-0.98827857,0.42240942,0.08351668,981.63525,-0.00050068344,4.3242145,2.927169919524468,0.9039318599566365,
121,train,4.0951924,0.059808295,-1.2678126,0.09438342,0.59962136,1231.735,0.00014068672,3.550518,0.30909285,0.09297474,-1.0766981,0.35704073,0.08243871,963.33124,-0.0004659673,4.3111215,2.9275480853934743,0.9040486403919173,
122,train,4.095605,0.0598543,-1.2688692,0.09147178,0.599425,1231.3191,0.0001416005,3.5509388,0.3108528,0.09417204,-1.0756576,0.36113402,0.08383247,974.63525,-0.0004673171,4.32095,2.926689709804826,0.9037835676207014,
123,train,4.0994625,0.062281124,-1.2931328,0.06795067,0.61492336,1262.871,0.0001341851,3.596864,0.3115454,0.093484946,-1.0772408,0.35831532,0.08328194,967.1312,-0.00046718016,4.3131986,2.924837445017904,0.9032115744669024,
124,train,4.097923,0.06118097,-1.2822202,0.077841006,0.6132347,1259.4971,0.00013802593,3.5736861,0.31045693,0.093694046,-1.0751748,0.3609439,0.08384581,977.04126,-0.0004647234,4.322264,2.923150732263864,0.9026907050131674,
125,train,4.096302,0.060041197,-1.2736022,0.086425155,0.60073274,1233.8191,0.00013963747,3.550692,0.3103441,0.0935576,-1.0748746,0.36068434,0.0838109,976.9412,-0.00046407833,4.322043,2.922020020006512,0.9023415326514789,
126,train,4.096011,0.059915144,-1.2707405,0.08950529,0.5996191,1231.6431,0.0001396368,3.5505455,0.3101141,0.09340451,-1.0729796,0.36148733,0.08357587,973.4393,-0.00046632095,4.320649,2.9206825803370475,0.901928521326125,
127,train,4.096246,0.060003366,-1.2725606,0.08821999,0.60013163,1232.707,0.00013884885,3.5505874,0.3104854,0.09278729,-1.0740393,0.35953298,0.083044894,968.0433,-0.0004670395,4.3130574,2.919641782763679,0.9016071152881434,
128,train,4.095719,0.059944537,-1.2706206,0.089862116,0.6000848,1232.4911,0.00014068607,3.550431,0.3084018,0.09326999,-1.0689807,0.36519286,0.08297025,970.53125,-0.00046726037,4.320701,2.919953728472084,0.9017034464449113,
129,train,4.097439,0.061259307,-1.2795548,0.08053232,0.61456376,1262.173,0.00013405284,3.5728235,0.309508,0.09272353,-1.0747192,0.36084467,0.08262903,964.9412,-0.0004660001,4.310787,2.9185948496348746,0.9012838145449723,
130,train,4.099063,0.062333267,-1.2924862,0.06848011,0.6162568,1265.733,0.00013381272,3.5966427,0.3108068,0.09399924,-1.0722808,0.36449265,0.08382034,974.6392,-0.00046699564,4.3205137,2.917841697660049,0.9010512356089518,
131,train,4.0970244,0.059999034,-1.2731646,0.085685134,0.59987444,1232.2151,0.00013780025,3.5503592,0.3110798,0.09404431,-1.0736729,0.36302656,0.08397339,976.2432,-0.00046733482,4.321205,2.9179190531841384,0.9010751235705975,
132,train,4.1002197,0.06128403,-1.2911112,0.06653526,0.60551214,1243.8191,0.00013326989,3.5743854,0.31053165,0.093844816,-1.0721866,0.36355582,0.08384046,976.5532,-0.00046694785,4.3214436,2.91845447573961,0.9012404660412214,
133,train,4.098275,0.061188348,-1.2822675,0.075782396,0.61144656,1255.879,0.00013611773,3.574111,0.30888385,0.09361108,-1.0694453,0.3666436,0.08307449,970.03125,-0.00046970925,4.32093,2.919984904847143,0.9017130739415953,
134,train,4.100215,0.061273027,-1.2914697,0.06268868,0.6057711,1244.271,0.00013267103,3.5750747,0.30887893,0.09264162,-1.0712731,0.36385053,0.08246437,965.03723,-0.0004679939,4.3108954,2.919616368861356,0.9015992672859341,
135,train,4.0989213,0.061242003,-1.287956,0.07099146,0.610431,1253.595,0.00013346643,3.5737298,0.31079772,0.093565,-1.0725676,0.3627747,0.08319763,969.52924,-0.0004718598,4.312414,2.919945663180883,0.9017009558229533,
136,train,4.0959854,0.059988484,-1.2726328,0.088991165,0.60029835,1232.921,0.00013941398,3.5499797,0.30951452,0.09396222,-1.0685753,0.3680935,0.0834293,973.83527,-0.00047139553,4.3193264,2.92015361446357,0.9017651727269621,
137,train,4.0974126,0.061209932,-1.2811967,0.078931585,0.61418223,1261.621,0.0001315,3.574476,0.3099051,0.09316032,-1.0717812,0.36315137,0.08281708,966.6392,-0.0004703736,4.3131495,2.92015490344564,0.9017655707742201,
138,train,4.0969925,0.061080344,-1.2797467,0.08149527,0.6132783,1259.677,0.00013097537,3.5735846,0.30896345,0.09302227,-1.0676686,0.365819,0.08224886,960.04126,-0.00047068167,4.3270526,2.919866498113065,0.9016765090607346,
139,train,4.0994463,0.06114596,-1.287173,0.069303356,0.60868764,1250.2211,0.00013238328,3.574479,0.30809507,0.09284175,-1.0684348,0.36793315,0.082036495,960.64923,-0.00046953338,4.3080273,2.920148849421796,0.9017637012465931,
140,train,4.0991154,0.06125654,-1.2886803,0.06882485,0.6104054,1253.687,0.00013146832,3.5743089,0.31028536,0.09355574,-1.0690644,0.367274,0.08300527,968.44324,-0.00047342794,4.311175,2.919997147750383,0.9017168546412476,
141,train,4.0987267,0.061229993,-1.287005,0.07041334,0.6112743,1255.363,0.00013321836,3.5742133,0.30994278,0.093376726,-1.0683823,0.366949,0.08287438,967.64325,-0.00047348026,4.3112187,2.9197231831064205,0.9016322523198971,
142,train,4.0977015,0.061078984,-1.2830167,0.07843124,0.6133794,1259.671,0.0001338634,3.573674,0.30798775,0.093030475,-1.065808,0.37017,0.08199166,960.3373,-0.0004730486,4.30913,2.918829956328668,0.9013564172420659,
143,train,4.0992336,0.061300125,-1.2901419,0.0678154,0.610443,1253.711,0.00013218755,3.574135,0.30949652,0.092682205,-1.0685942,0.36546367,0.08183867,956.4393,-0.00047375157,4.3007746,2.918645923614502,0.9012995865700577,
144,train,4.0963407,0.059856698,-1.2751085,0.08458498,0.59819955,1228.609,0.00013596237,3.5509038,0.30804735,0.09300102,-1.0649257,0.37051463,0.08205647,961.35126,-0.00047431618,4.3077545,2.9185684416084774,0.9012756595498489,
145,train,4.0998316,0.06238054,-1.3011318,0.059760585,0.61614025,1265.293,0.00013238985,3.596533,0.30938876,0.09367298,-1.0638969,0.37209138,0.08241334,961.33527,-0.00047614047,4.3097477,2.917719394186334,0.9010134673858853,
146,train,4.0992017,0.062268008,-1.2965637,0.06333807,0.61741495,1267.889,0.0001289561,3.5963876,0.3098041,0.09369611,-1.064644,0.37145883,0.0826337,963.56323,-0.0004767118,4.3095026,2.917324701145831,0.9008915832370239,
147,train,4.0988607,0.06228869,-1.2956156,0.066491365,0.6186603,1270.507,0.00012753705,3.5958197,0.30913085,0.09354525,-1.0636725,0.37217483,0.082339354,961.2612,-0.00047664955,4.306806,2.9161062040945094,0.9005153022775189,
148,train,4.100644,0.061315205,-1.2957677,0.05747035,0.6051785,1242.875,0.00013057182,3.5757074,0.30901745,0.093498565,-1.064337,0.37317693,0.08234923,962.06323,-0.00047626646,4.308543,2.9148277465881347,0.9001205050831693,
149,train,4.100301,0.061270237,-1.2942092,0.0616445,0.606137,1244.9971,0.000129187,3.5746744,0.3096491,0.0927057,-1.0667886,0.36808366,0.08199267,958.7513,-0.00047574463,4.3013573,2.9140119159309887,0.8998685705034906,
150,train,4.098699,0.062320393,-1.2959772,0.06574696,0.61897045,1271.373,0.00013001195,3.595954,0.30928084,0.0928535,-1.0660999,0.3683543,0.08179506,956.7413,-0.0004757977,4.3007784,2.9128871684414337,0.8995212401064974,
151,train,4.097831,0.061241444,-1.2843117,0.076452695,0.6126891,1258.373,0.00013298902,3.5739589,0.30890962,0.09330276,-1.0637611,0.37245515,0.08257626,967.24927,-0.0004754493,4.310108,2.9124396417980933,0.8993830405478054,
152,train,4.1002045,0.062456537,-1.3028712,0.056431964,0.6135685,1259.951,0.00013214006,3.5964317,0.30764553,0.09318536,-1.0602933,0.37573153,0.081926726,960.94324,-0.00047697395,4.306848,2.911614028394097,0.89912808498308,
153,train,4.0970845,0.061206087,-1.2831608,0.07971305,0.6128355,1258.395,0.00013071139,3.5724657,0.30855235,0.09256002,-1.0647973,0.37083888,0.081508674,954.84924,-0.00047747145,4.2997894,2.910385767349041,0.89874878882963,
154,train,4.096368,0.061064538,-1.2805877,0.08348055,0.61173254,1256.1431,0.00013123603,3.5725615,0.30712202,0.09297253,-1.0610178,0.37459812,0.08174886,960.05927,-0.00047699362,4.3145866,2.909771472951525,0.8985590901470891,
155,train,4.0966697,0.061231893,-1.2831876,0.0810481,0.6128184,1258.517,0.00013071472,3.5729184,0.30892363,0.09259104,-1.066993,0.36942327,0.08166698,956.0513,-0.00047419916,4.299449,2.908624341854792,0.8982048475255837,
156,train,4.09809,0.060108583,-1.2799973,0.07547164,0.5979876,1228.1171,0.00013281325,3.5514748,0.30953312,0.09362358,-1.0622689,0.37400475,0.0825443,963.2413,-0.00047806712,4.308577,2.907937365524631,0.8979927041212236,
157,train,4.0972724,0.060035747,-1.2801682,0.08037748,0.5980983,1228.2251,0.00013438582,3.5498788,0.30957595,0.093133666,-1.0632553,0.3725943,0.08175675,954.43524,-0.00047887434,4.297912,2.907288637603896,0.8977923721104016,
158,train,4.099395,0.062375594,-1.2984816,0.06252746,0.6155725,1264.483,0.00012878873,3.596522,0.3089806,0.09363502,-1.0623965,0.3743013,0.08248961,965.1393,-0.000478441,4.308885,2.906885716523575,0.8976679470815979,
159,train,4.0967107,0.06114419,-1.2825963,0.08182703,0.61199266,1256.831,0.0001299261,3.57195,0.3085397,0.09337985,-1.0596268,0.377482,0.08222832,962.2352,-0.0004782895,4.306699,2.906500496686196,0.8975489883283764,
160,train,4.099105,0.06229841,-1.2971655,0.06516184,0.6162042,1265.329,0.0001290221,3.595942,0.3097199,0.09291977,-1.0624143,0.37397927,0.08195963,957.7433,-0.0004785599,4.3000064,2.904534815504287,0.8969419713475741,
161,train,4.0997148,0.061320625,-1.2935954,0.06401342,0.6074259,1247.3711,0.00013024853,3.5739872,0.30850187,0.09349177,-1.0587426,0.37803364,0.08224854,962.86127,-0.0004789784,4.3071446,2.904015303502332,0.8967815421743086,
162,train,4.098715,0.060156636,-1.2827566,0.0740309,0.5977856,1227.597,0.00013123936,3.5502834,0.3080822,0.09341663,-1.0590084,0.3791199,0.08202758,960.66327,-0.00047886066,4.304991,2.9024194624818263,0.8962887345883058,
163,train,4.098662,0.060101457,-1.2820871,0.073458716,0.5972603,1226.5431,0.00013176065,3.5501125,0.30866078,0.09274522,-1.062316,0.37397224,0.08135215,951.16125,-0.00048015776,4.2950172,2.901855332984481,0.8961145272003471,
164,train,4.09965,0.061287582,-1.2919537,0.06467451,0.607074,1246.927,0.00013057614,3.5738804,0.3087124,0.09293661,-1.0611463,0.37487572,0.08154813,954.84326,-0.00048183542,4.299027,2.9007901311924904,0.8957855849579986,
165,train,4.0980787,0.061222795,-1.2835728,0.07480364,0.6108962,1254.811,0.00013411278,3.573785,0.30872646,0.09346485,-1.0594099,0.3775407,0.08231827,963.04724,-0.00047850664,4.307715,2.90014433721924,0.8955861589719993,
166,train,4.097977,0.06131806,-1.2864977,0.07485925,0.6118796,1256.625,0.00013345829,3.5726087,0.30803978,0.093138926,-1.0568101,0.37830818,0.081993975,960.15326,-0.00047758073,4.309139,2.8989545412014457,0.8952187411052878,
167,train,4.099149,0.06231971,-1.2962353,0.06452541,0.61478204,1262.483,0.00012869996,3.59595,0.3079793,0.09296679,-1.0581193,0.3780814,0.082074635,962.14526,-0.00047696644,4.3062735,2.897619144539659,0.8948063606759122,
168,train,4.0961847,0.05996558,-1.277727,0.08359544,0.59633976,1224.723,0.00013723802,3.549657,0.30816057,0.092919804,-1.0589951,0.3778271,0.08218857,963.4573,-0.00047546093,4.307544,2.896908967333442,0.8945870526683269,
169,train,4.0994,0.062364414,-1.2983425,0.06050326,0.6136211,1260.167,0.00012940161,3.596465,0.308253,0.09279091,-1.0588049,0.37745148,0.08228668,964.9393,-0.00047553985,4.308192,2.895730060627848,0.894222997502279,
170,train,4.097403,0.06128963,-1.2839304,0.07742094,0.61111987,1255.239,0.00013254904,3.5724323,0.3080538,0.09253587,-1.0590504,0.37647238,0.08232834,966.83923,-0.00047603913,4.309548,2.8941669927707254,0.8937403105130806,
171,train,4.098079,0.061294634,-1.2858177,0.074397504,0.61094576,1254.8511,0.00013223202,3.5734262,0.3082788,0.093820885,-1.0544113,0.38254482,0.08295812,971.13525,-0.00047847908,4.316407,2.893535318821888,0.8935452448957243,
172,train,4.0959754,0.06001001,-1.2751962,0.08535505,0.5958621,1223.739,0.00013832422,3.5492299,0.30862507,0.09369882,-1.0552249,0.38158256,0.08322332,974.63324,-0.00047838103,4.3166504,2.892545093507079,0.8932394559476278,
173,train,4.095672,0.05999894,-1.2747339,0.08696312,0.5958622,1223.727,0.00013701164,3.5502863,0.3083838,0.09368119,-1.0536723,0.38422358,0.08318348,975.14923,-0.00047812282,4.317017,2.891859625534124,0.8930277783352004,
174,train,4.097899,0.06128152,-1.2847363,0.07540359,0.6103325,1253.371,0.00013408338,3.5722837,0.30844343,0.09373098,-1.0554777,0.38179824,0.08305769,972.24524,-0.00047753777,4.3168077,2.8913044125541183,0.8928563244341675,
175,train,4.0986896,0.06026752,-1.282623,0.07326061,0.596222,1224.691,0.00012992344,3.5499592,0.308288,0.09367251,-1.0555816,0.38133696,0.08294612,970.8453,-0.00047770992,4.314733,2.889703347716744,0.8923619036946315,
176,train,4.09715,0.060124256,-1.278365,0.08085604,0.59549177,1223.1691,0.00013543508,3.5497005,0.30877635,0.09300597,-1.0577917,0.37787828,0.082445756,965.33923,-0.000476943,4.308333,2.8889318873978693,0.8921236710056879,
177,train,4.097708,0.060116082,-1.2807362,0.07686747,0.59559923,1223.2891,0.00013334055,3.5512354,0.30776304,0.09280347,-1.0565763,0.38104787,0.082094856,963.7333,-0.0004788916,4.3068433,2.88823655593438,0.8919089474739633,
178,train,4.09833,0.060195114,-1.2803113,0.07468348,0.5957767,1223.805,0.00013123936,3.5501854,0.30881354,0.09291972,-1.0571842,0.3788284,0.082638256,969.0353,-0.000476829,4.3097115,2.887187797215576,0.8915850829750114,
179,train,4.096486,0.061243102,-1.2818161,0.083072156,0.609793,1252.589,0.00013202397,3.571894,0.3080646,0.092607394,-1.0550321,0.38160422,0.082205914,964.3373,-0.00047833027,4.3068204,2.886147402143014,0.8912638012322748,
180,train,4.0997276,0.061356317,-1.292591,0.06569138,0.6043281,1241.339,0.00013165463,3.5743403,0.30780065,0.09256799,-1.0565171,0.3807286,0.082249455,966.64526,-0.00047794616,4.308195,2.8859078278291825,0.891189818900858,
181,train,4.0966763,0.060072348,-1.2784734,0.08131132,0.595487,1223.067,0.00013412516,3.5495164,0.30933523,0.09402789,-1.0543493,0.38345647,0.08353874,977.14526,-0.00047913875,4.3177414,2.884622901185302,0.8907930239886928,
182,train,4.0989165,0.06131125,-1.2881858,0.069463514,0.6068312,1246.505,0.00013200732,3.5734017,0.30933887,0.09375922,-1.0534724,0.3829802,0.0835306,976.94727,-0.00047902024,4.3182464,2.883975651652969,0.8905931485152138,
183,train,4.0966287,0.06009897,-1.277099,0.08414955,0.5952885,1222.801,0.00013465046,3.5496385,0.30917087,0.09366936,-1.0525409,0.38387418,0.08352989,977.85126,-0.000478727,4.3179903,2.8829755119590943,0.8902842979330626,
184,train,4.096475,0.060050115,-1.2782499,0.08045941,0.59549135,1223.057,0.00013570239,3.5500872,0.3087494,0.09295641,-1.054941,0.38190764,0.08240769,964.73926,-0.00047873877,4.3068,2.881512021793213,0.8898323612761403,
185,train,4.1010847,0.06134384,-1.2976434,0.055659257,0.5997322,1232.0231,0.00012884673,3.5744698,0.30807754,0.09345137,-1.0508319,0.38405168,0.08285642,970.03723,-0.00047790643,4.3281126,2.881015229940864,0.8896789482541938,
186,train,4.0995893,0.06250025,-1.300962,0.061600305,0.61218715,1257.629,0.00013233423,3.596054,0.30739397,0.09325719,-1.0490454,0.38774803,0.08304285,977.74725,-0.0004795059,4.3164134,2.880632714047448,0.8895608244989953,
187,train,4.096941,0.060049262,-1.2780125,0.08113472,0.5947197,1221.4971,0.00013464979,3.549685,0.30745247,0.09338773,-1.0509843,0.38723588,0.08289646,974.4412,-0.0004787733,4.3160205,2.8795023910011133,0.8892117723285661,
188,train,4.098521,0.061284926,-1.2871778,0.071707785,0.6077753,1248.185,0.00013287688,3.5738,0.30714244,0.09327262,-1.0492083,0.3882834,0.08277849,973.7512,-0.0004787896,4.3150034,2.878918728237577,0.889031532922609,
189,train,4.0991983,0.0613211,-1.2903881,0.06629781,0.60535,1243.307,0.00013136592,3.5742853,0.3082982,0.092711024,-1.0522376,0.38342652,0.08248018,968.64325,-0.00047818862,4.3087883,2.877755383745522,0.8886722834839414,
190,train,4.100066,0.062435832,-1.3021306,0.057613436,0.6095177,1251.883,0.00013339425,3.5961084,0.30772656,0.092588395,-1.0518923,0.38435933,0.082143866,964.9332,-0.0004800928,4.306886,2.8768654190993925,0.8883974557766376,
191,train,4.0998006,0.06256379,-1.3032479,0.05686869,0.6110928,1254.979,0.00013158847,3.596611,0.30873606,0.09378053,-1.0507835,0.38703188,0.08330267,975.66125,-0.000480489,4.316628,2.8735648108801284,0.8873782033899801,
192,train,4.099908,0.062466234,-1.3022046,0.056175947,0.6099346,1252.659,0.00013399514,3.597072,0.3085695,0.09353145,-1.0502878,0.3862178,0.08338616,978.25726,-0.00048007985,4.3176575,2.872793751250949,0.887140094436997,
193,train,4.0977993,0.061307725,-1.285207,0.07373751,0.6085348,1249.871,0.0001321124,3.5731874,0.30792427,0.09325119,-1.0492833,0.38619107,0.08304896,974.9393,-0.00047878735,4.3168592,2.8717610261752644,0.8868211812463889,
194,train,4.0992193,0.06244166,-1.2987318,0.06369745,0.6126822,1258.487,0.00012853107,3.5954823,0.30665547,0.09302757,-1.0443436,0.3891348,0.08247394,970.03125,-0.00048057063,4.3312325,2.870736079312744,0.8865046700259042,
195,train,4.0995045,0.06240257,-1.2980715,0.061782844,0.6102526,1253.483,0.00012908562,3.5956903,0.30771932,0.09314942,-1.0464127,0.3905755,0.083066806,976.4412,-0.00047935362,4.316531,2.870183029012723,0.8863338839765488,
196,train,4.0962386,0.060077038,-1.278716,0.0806208,0.593811,1219.519,0.00013517443,3.549175,0.3069131,0.09303215,-1.0459443,0.39015567,0.08260781,971.54126,-0.00048171848,4.3146296,2.86957183268636,0.8861451420014407,
197,train,4.09685,0.06017073,-1.2791024,0.08044469,0.59435457,1220.6991,0.00013412516,3.5507958,0.30716422,0.093150884,-1.0462912,0.3904799,0.08284773,975.0452,-0.00047982295,4.315838,2.868795456221925,0.8859053911701541,
198,train,4.0980787,0.061331015,-1.2863759,0.07358719,0.6080683,1248.781,0.00013125922,3.572546,0.3068209,0.09375409,-1.0438433,0.39400735,0.083373554,980.3452,-0.00047971157,4.3229756,2.867773725580647,0.8855898731427294,
199,train,4.0959926,0.060131527,-1.2771149,0.08302505,0.59400517,1219.947,0.00013543775,3.5495017,0.30765885,0.0931713,-1.0485667,0.38852492,0.08278546,971.03925,-0.00047811682,4.315899,2.86603928568468,0.8850542651923037,
200,train,4.097739,0.061245214,-1.2833745,0.07582812,0.60732573,1247.397,0.00013189465,3.5725927,0.30750418,0.09285367,-1.0476333,0.38789105,0.08299528,976.13727,-0.00047729944,4.3167524,2.865494450955946,0.8848860161725155,
201,train,4.10002,0.06242123,-1.3012407,0.057638854,0.60851586,1249.875,0.00013288602,3.5968626,0.3075203,0.092936896,-1.0475327,0.38939688,0.08302384,976.63727,-0.00047795405,4.317178,2.864743242432588,0.8846540373887746,
202,train,4.096846,0.060067512,-1.2772,0.08039869,0.59270257,1217.2611,0.00013465046,3.550509,0.3074979,0.092904635,-1.0474299,0.3891899,0.08297807,975.83325,-0.00047772285,4.3158736,2.864204783879664,0.8844877573795384,
203,train,4.099713,0.061434906,-1.292727,0.063130654,0.6022052,1236.813,0.00013127225,3.573519,0.30716884,0.09267268,-1.0460024,0.39007837,0.08297861,977.63727,-0.00047903808,4.317348,2.863274015285642,0.8842003291093955,
204,train,4.096204,0.060105238,-1.2764355,0.08243091,0.59305584,1218.0391,0.00013569905,3.5504503,0.30756143,0.09268988,-1.0477768,0.38737452,0.083002,975.93726,-0.00047614516,4.317411,2.862323726134981,0.8839068727460583,
205,train,4.0992236,0.061269857,-1.2892042,0.06717058,0.6027742,1237.855,0.000132813,3.5735574,0.30777502,0.09253295,-1.0482551,0.3877293,0.083149515,977.7432,-0.0004754776,4.3173814,2.8610357746186,0.8835091437307487,
206,train,4.0970163,0.061322507,-1.2823668,0.07843321,0.6073029,1247.313,0.00013123603,3.573664,0.3063346,0.09280382,-1.0458194,0.3906395,0.083317935,981.8472,-0.0004762488,4.3242607,2.859628054816351,0.8830744293772508,
207,train,4.0991707,0.06250036,-1.2976651,0.062880866,0.6104181,1253.717,0.00013003396,3.5961654,0.3083411,0.09348537,-1.042267,0.3938308,0.0840496,985.63525,-0.0004788513,4.325823,2.858691274945476,0.8827851447800698,
208,train,4.0974836,0.06145314,-1.2865402,0.074942596,0.608307,1249.4291,0.0001334262,3.5720055,0.30873626,0.09293493,-1.0449748,0.39100906,0.08351607,979.93726,-0.0004796107,4.318013,2.858097026890732,0.8826016365573947,
209,train,4.0982194,0.061332878,-1.2850797,0.07374593,0.605843,1244.343,0.00013288102,3.5728312,0.30785352,0.09355956,-1.0416607,0.39500582,0.083846845,984.23724,-0.0004799846,4.325096,2.857389101215957,0.8823830238394781,
210,train,4.0974693,0.06009217,-1.2787472,0.07646972,0.5919382,1215.6891,0.00013097537,3.5498607,0.30708233,0.09331676,-1.0409837,0.396597,0.08360678,983.63324,-0.00047831482,4.324364,2.856165696360541,0.8820052273135369,
211,train,4.096635,0.06019389,-1.280712,0.08042304,0.59293956,1217.545,0.00013438647,3.5495756,0.30686632,0.09323557,-1.0421649,0.3956632,0.08347521,982.14526,-0.00047827675,4.324579,2.8552165123087567,0.8817121122129588,
212,train,4.0967917,0.06014799,-1.2792565,0.07828091,0.5925347,1216.8031,0.00013491111,3.549782,0.3080133,0.09271884,-1.044591,0.39106315,0.08325197,978.5452,-0.0004779237,4.3176537,2.854452519258354,0.8814761854721029,
213,train,4.0993977,0.06243,-1.2979988,0.06149426,0.609336,1251.503,0.00012948277,3.5959356,0.30655786,0.092958756,-1.0410616,0.3953339,0.08335695,981.4492,-0.00047765987,4.323283,2.853502695179175,0.8811828727263012,
214,train,4.0970006,0.06133942,-1.2837565,0.07799521,0.60680413,1246.087,0.00012940213,3.572962,0.30686378,0.092448324,-1.0440625,0.3918724,0.08283714,976.43726,-0.0004793474,4.3163176,2.852711365327281,0.8809385041776596,
215,train,4.0969334,0.061356615,-1.2843941,0.07908524,0.6070944,1246.993,0.00012834954,3.5711339,0.30703977,0.092432246,-1.0439464,0.39196566,0.08298823,978.53925,-0.00047948814,4.316807,2.85207561392456,0.880742179412193,
216,train,4.0972447,0.06134143,-1.2843109,0.07584215,0.60664886,1245.9551,0.00013232962,3.5728123,0.30694193,0.09224275,-1.044456,0.3909189,0.082917795,977.6392,-0.00047966535,4.316986,2.8511395704454183,0.8804531222182607,
217,train,4.097443,0.061373368,-1.2842877,0.07550451,0.60689515,1246.255,0.00013232962,3.5736723,0.3084165,0.09361941,-1.0412103,0.39615098,0.08405438,985.3372,-0.00048046163,4.325012,2.850405505400934,0.8802264374684058,
218,train,4.09687,0.061303645,-1.2845286,0.07876429,0.60653126,1245.697,0.00012861019,3.5723839,0.30887535,0.09359569,-1.0423976,0.39397377,0.084368564,989.1472,-0.0004798695,4.3272104,2.849380527735056,0.8799099167356151,
219,train,4.095916,0.06014497,-1.2766688,0.08496577,0.59224975,1216.4711,0.00013569905,3.5483193,0.30861613,0.09353325,-1.0404279,0.3971484,0.08405017,984.14923,-0.00048038605,4.323942,2.848514036542559,0.879642337805521,
220,train,4.0978413,0.061382066,-1.2852864,0.0750008,0.60644937,1245.599,0.000131458,3.5726252,0.30779767,0.09395148,-1.0371443,0.3995903,0.0846449,993.45325,-0.00048004292,4.333596,2.8475509695066994,0.8793449355361205,
221,train,4.097991,0.061499503,-1.2883413,0.06967968,0.60734534,1247.235,0.00013152245,3.5730102,0.30700275,0.09332595,-1.0397478,0.39669597,0.08357514,983.4412,-0.00047945415,4.3237844,2.846604807004935,0.8790527535126799,
222,train,4.099367,0.061323818,-1.2908446,0.065530956,0.60119593,1234.711,0.00013094959,3.5731273,0.30765226,0.09337368,-1.0403675,0.39587903,0.083782464,984.0452,-0.000479486,4.3245845,2.845865972731798,0.8788245959895168,
223,train,4.096124,0.06016425,-1.277419,0.081316255,0.5917882,1215.2991,0.00013729608,3.5500975,0.30782962,0.09318954,-1.0404761,0.39558125,0.08396028,986.65326,-0.00047863583,4.325944,2.84467176544176,0.8784558158891005,
224,train,4.096356,0.06012144,-1.2772064,0.08234887,0.5910989,1213.921,0.00013674765,3.5491018,0.3084927,0.09333757,-1.0410525,0.39450628,0.08407185,985.24524,-0.00047958895,4.325334,2.843629240538194,0.8781338764386962,
225,train,4.0968847,0.060147576,-1.2789142,0.07740851,0.59119976,1214.2211,0.00013438647,3.549266,0.30855665,0.093176946,-1.0412027,0.39496323,0.08398175,983.06525,-0.00047812358,4.3237586,2.842246205530734,0.8777067849335739,
226,train,4.0991125,0.061507452,-1.2919984,0.065668434,0.6021608,1236.707,0.00012912028,3.57253,0.30711806,0.09354112,-1.038419,0.39754814,0.08438019,991.84125,-0.00047735928,4.3338523,2.842086832021216,0.8776575692075153,
227,train,4.097984,0.061446674,-1.2862425,0.07348074,0.6051035,1242.709,0.00013252486,3.572534,0.30794603,0.09291505,-1.0406811,0.39525586,0.08412612,989.34125,-0.00047691487,4.3271174,2.84108878314399,0.8773493642851085,
228,train,4.099231,0.06251193,-1.2976142,0.060507465,0.6087774,1250.223,0.00012805262,3.5957332,0.3072025,0.09273736,-1.0401239,0.39560032,0.083794594,986.7412,-0.00047650328,4.325998,2.839634030039061,0.8769001256976438,
229,train,4.0982866,0.061418578,-1.2871127,0.071740985,0.60517037,1242.723,0.00013091101,3.5726142,0.30624318,0.0924035,-1.0387479,0.3971333,0.08356618,987.4312,-0.00047853307,4.3264794,2.839224179586045,0.876773560826972,
230,train,4.0968447,0.06021862,-1.2791085,0.07811178,0.59169835,1215.187,0.00013596304,3.5503588,0.30639887,0.09241529,-1.0389631,0.39667815,0.083516374,985.53723,-0.00047728125,4.3256354,2.8382094046298563,0.8764601907668786,
231,train,4.0995955,0.061386067,-1.2907325,0.06530568,0.6000828,1232.379,0.00013144994,3.5736227,0.30625242,0.09258005,-1.0370933,0.39887524,0.08321212,980.1392,-0.00047922117,4.3288865,2.8375239255768485,0.8762485097328485,
232,train,4.099873,0.06141129,-1.2925001,0.06255771,0.5995141,1231.271,0.00013035854,3.5737133,0.3068053,0.0925996,-1.0381261,0.3980141,0.08380014,989.06726,-0.00047700264,4.326304,2.8371103309608285,0.876120788636771,
233,train,4.098171,0.061538607,-1.2888193,0.070103295,0.6056314,1243.823,0.00013038037,3.5730314,0.30645117,0.09240552,-1.037136,0.39917073,0.08344261,983.7592,-0.0004788144,4.325007,2.8357845416559524,0.8757113750307232,
234,train,4.099347,0.061474882,-1.292314,0.06348595,0.601446,1235.113,0.00013002467,3.572894,0.3064427,0.092502736,-1.0380747,0.3971621,0.08370574,989.1552,-0.00047786307,4.3264165,2.835139034053277,0.8755120374780889,
235,train,4.099937,0.061442982,-1.2927823,0.0608586,0.59912664,1230.427,0.00013030316,3.573897,0.3066234,0.09221898,-1.0378648,0.39692622,0.08372182,988.4472,-0.000477248,4.326491,2.833987163761393,0.875156331357844,
236,train,4.1004586,0.061464045,-1.294631,0.05847775,0.5969924,1225.951,0.0001306848,3.5747313,0.3067988,0.09229134,-1.0390991,0.39707628,0.08350292,983.04126,-0.00047669356,4.324787,2.832852316568332,0.8748058820972295,
237,train,4.096508,0.060276974,-1.2796785,0.07923758,0.5913563,1214.373,0.00013491377,3.550043,0.3061406,0.09269154,-1.0348535,0.4014757,0.08421059,993.85724,-0.00047459218,4.333014,2.831841304788819,0.8744936741341054,
238,train,4.0984273,0.060335375,-1.2822995,0.07113367,0.5910656,1213.795,0.00013176331,3.5497065,0.30710343,0.09394348,-1.0306296,0.4064215,0.08523468,1002.0432,-0.00047927359,4.341916,2.8308360394437684,0.8741832407127176,
239,train,4.0974092,0.061461624,-1.2849338,0.07679084,0.6058008,1244.025,0.00013255238,3.572296,0.30593812,0.0924157,-1.0346053,0.4014299,0.08430838,996.9592,-0.00047545537,4.3350887,2.83008176203844,0.8739503142353806,
240,train,4.1007724,0.061516836,-1.2969978,0.05394434,0.59590095,1223.7471,0.00012918451,3.5738807,0.30727088,0.09362627,-1.0314806,0.40512076,0.08539611,1004.34924,-0.00047748792,4.3430734,2.8287851679629137,0.8735499163334748,
241,train,4.101163,0.061445672,-1.2978984,0.055076357,0.5941514,1220.2051,0.0001293527,3.5737443,0.30643696,0.09361793,-1.029944,0.40646777,0.08507399,1002.5412,-0.00047809412,4.3410983,2.827440199146866,0.8731345799516116,
242,train,4.0982122,0.0613707,-1.2865375,0.07214864,0.6037114,1239.755,0.00013365249,3.573809,0.30635563,0.09332407,-1.0310961,0.40643105,0.08499449,1001.3472,-0.00047547705,4.342261,2.8264728339973924,0.8728358503927335,
243,train,4.0981555,0.060122013,-1.2777864,0.07519838,0.5892507,1210.071,0.00013359786,3.5505064,0.30756,0.09313801,-1.0345529,0.40063667,0.08475814,997.03125,-0.00047694714,4.335829,2.825420074482963,0.8725107504183119,
244,train,4.0959578,0.060243797,-1.2773012,0.08184218,0.59061,1212.983,0.00013491377,3.549327,0.30687374,0.093244776,-1.0313141,0.4048934,0.08536574,1005.95123,-0.00047497527,4.343782,2.8246302356825064,0.872266842317453,
245,train,4.0973206,0.061445016,-1.2834156,0.07503323,0.6046506,1241.807,0.00013460554,3.572889,0.3066398,0.093188725,-1.0308216,0.4052095,0.085255794,1005.04724,-0.00047518435,4.3431716,2.823557834987658,0.871935677000316,
246,train,4.0984125,0.06147946,-1.288474,0.06865098,0.6031828,1238.8611,0.00013223605,3.5727994,0.30722567,0.092652105,-1.0343186,0.40185434,0.08479682,999.6572,-0.00047505458,4.3362565,2.82290986159112,0.8717355779921825,
247,train,4.098906,0.06250498,-1.295886,0.063713156,0.6081652,1249.109,0.00012888189,3.5948088,0.30570045,0.09298738,-1.0298449,0.40660957,0.08484695,1002.0512,-0.00047465088,4.341691,2.821745911637912,0.8713761415826041,
248,train,4.0989876,0.06039879,-1.2843703,0.06638921,0.590336,1212.285,0.0001315,3.5509498,0.30625996,0.09306834,-1.0301166,0.40676096,0.08501145,1002.2352,-0.00047504297,4.341749,2.820504651307104,0.870992831152952,
249,train,4.0990844,0.06252715,-1.297192,0.060590602,0.60726726,1247.155,0.00013086654,3.595434,0.30574062,0.09280401,-1.0288858,0.40746325,0.084946275,1003.8432,-0.00047443976,4.3420644,2.819716512213271,0.8707494479341504,
250,train,4.095512,0.06017791,-1.2753932,0.08358982,0.58981603,1211.3131,0.00013701164,3.5504692,0.3058162,0.09284699,-1.0295426,0.40711638,0.085070185,1005.93524,-0.00047414892,4.3431234,2.818944707952744,0.8705111090334644,
251,train,4.095821,0.060226407,-1.2769105,0.08362093,0.58997977,1211.703,0.00013569838,3.5495355,0.305882,0.0926072,-1.0300779,0.40653148,0.08515883,1007.3432,-0.00047266702,4.343664,2.8179556249751814,0.8702056728476126,
252,train,4.0955477,0.06025807,-1.2767,0.08455971,0.5904263,1212.661,0.00013596304,3.5493548,0.305598,0.09241685,-1.030212,0.40535653,0.08498715,1005.44324,-0.00047152696,4.3434076,2.816996464580889,0.8699094769782078,
253,train,4.095649,0.0601415,-1.2754316,0.08410269,0.5893553,1210.3771,0.00013543775,3.549018,0.30543566,0.0922636,-1.0286611,0.40728915,0.0848084,1002.7332,-0.00047185773,4.341853,2.815643345614152,0.869491623769145,
254,train,4.098858,0.061469167,-1.29014,0.06732429,0.60069865,1233.7251,0.00013233502,3.573366,0.30554557,0.092251986,-1.0293608,0.40675393,0.084884174,1003.64124,-0.00047079832,4.342537,2.814399398193765,0.8691074835462291,
255,train,4.097484,0.06024897,-1.2787459,0.07615333,0.5896884,1211.0071,0.00013412516,3.5506294,0.3066681,0.09337098,-1.0277274,0.4083232,0.08603888,1013.5332,-0.00047422748,4.3517094,2.8136326141792822,0.8688706949348906,
256,train,4.0976276,0.0602759,-1.2797072,0.07528079,0.5898153,1211.3671,0.00013149934,3.550251,0.30688813,0.09354233,-1.0256073,0.41023704,0.0861592,1014.7392,-0.00047538892,4.3513217,2.81277434844903,0.868605656088765,
257,train,4.100596,0.061520293,-1.2957882,0.053582273,0.59456533,1221.151,0.00012955615,3.5743728,0.30748203,0.09354482,-1.026419,0.40943047,0.08646995,1017.64124,-0.00047493985,4.3531957,2.8117289049122443,0.8682828153426972,
258,train,4.100372,0.061541997,-1.2954932,0.05702077,0.5953043,1222.639,0.00013147778,3.5740848,0.3069532,0.09348591,-1.0256842,0.4120209,0.086256504,1016.3432,-0.00047519823,4.351752,2.811087110823976,0.868084624550954,
259,train,4.0988836,0.061549336,-1.2903358,0.065292746,0.6002231,1232.651,0.00013071392,3.5730405,0.3069444,0.093452096,-1.0253773,0.4110958,0.08632871,1017.85724,-0.00047492314,4.3529596,2.809916944836291,0.8677232685836592,
260,train,4.0957937,0.06020056,-1.2756718,0.08340807,0.58940464,1210.331,0.00013622303,3.5500696,0.30676746,0.09273904,-1.0273113,0.4087947,0.08551354,1009.53925,-0.00047439963,4.3443336,2.8088723989956312,0.8674007050528373,
261,train,4.096839,0.06022831,-1.2786648,0.07840511,0.5893879,1210.4071,0.00013438582,3.5488338,0.3061548,0.093376026,-1.0234843,0.41166756,0.08581085,1011.84924,-0.00047567583,4.3507333,2.80905158603136,0.8674560393432746,
262,train,4.096466,0.06016606,-1.2758676,0.084117256,0.5891677,1210.0547,0.00013465925,3.5489395,0.30677286,0.0926632,-1.0272926,0.40759814,0.08538722,1006.9386,-0.00047440338,4.343942,2.80794166960639,0.8671132888894224,
263,train,4.0986056,0.06035468,-1.2833971,0.069530286,0.58986026,1211.5027,0.00013098393,3.5500433,0.30758816,0.09320757,-1.029181,0.40694943,0.08574707,1009.6506,-0.000476472,4.3448215,2.8073432616657144,0.8669284960630068,
264,train,4.099668,0.06260604,-1.3002137,0.059915148,0.6049357,1242.4268,0.0001326031,3.5951397,0.30674222,0.09360376,-1.0240817,0.41213706,0.085941955,1011.1606,-0.000476532,4.3515525,2.806288170072429,0.8666026759252753,
265,train,4.0969653,0.061351698,-1.2828687,0.077836834,0.603352,1239.2107,0.00012940726,3.5716648,0.30674708,0.09383434,-1.0268813,0.41114888,0.08594277,1011.1566,-0.00047657007,4.3505197,2.805566481684028,0.8663798131789464,
266,train,4.0991106,0.06264841,-1.2983903,0.06240261,0.60673696,1246.2047,0.00012956525,3.5951388,0.30722603,0.09353577,-1.0285746,0.40683207,0.08620738,1013.7606,-0.0004744694,4.3522043,2.8043694007383912,0.8660101456722907,
267,train,4.0972238,0.06144773,-1.2838763,0.075205766,0.60348564,1239.2968,0.00013408937,3.572618,0.30837214,0.09287445,-1.027686,0.40615907,0.085948646,1009.2486,-0.00047506436,4.3455505,2.8032525462567777,0.8656652526949026,
268,train,4.0995817,0.062576264,-1.2979833,0.059025884,0.60410035,1240.7527,0.00013298473,3.5956674,0.30780184,0.09330652,-1.0258728,0.4094952,0.086567156,1017.7526,-0.00047393425,4.353268,2.802386758112248,0.8653978908712541,
269,train,4.0974746,0.06155633,-1.2840687,0.07742065,0.6041348,1240.8008,0.00013307903,3.5723345,0.30707404,0.09312368,-1.0247604,0.41173398,0.086054526,1011.5366,-0.0004741317,4.350599,2.801064687097167,0.8649896255007726,
270,train,4.0987444,0.061478823,-1.2877029,0.06938573,0.5991036,1230.5167,0.00013208113,3.5741177,0.30703738,0.09357968,-1.0225585,0.41317686,0.08709247,1025.5366,-0.00047094512,4.361618,2.8005346336891,0.8648259410628333,
271,train,4.0962877,0.060186315,-1.2771937,0.0806237,0.5880591,1207.6407,0.00013596858,3.5501387,0.30629542,0.09332487,-1.0220271,0.41469505,0.086779304,1023.4546,-0.0004718857,4.3599787,2.799213579788277,0.8644179897848057,
272,train,4.0981703,0.061467722,-1.2845285,0.07188028,0.6013,1234.6887,0.00013287536,3.5725496,0.30558002,0.09308768,-1.0198097,0.41607088,0.086467065,1021.2386,-0.00047238992,4.35931,2.7981400217835826,0.8640864670817736,
273,train,4.0965476,0.060235642,-1.2752823,0.08209978,0.5884883,1208.4407,0.00013597192,3.548856,0.3058065,0.093178004,-1.021674,0.41480812,0.08658091,1022.2446,-0.0004715358,4.358939,2.797423012320691,0.8638650492224703,
274,train,4.098354,0.061498046,-1.285831,0.071459934,0.60021406,1232.6548,0.00013242722,3.5736237,0.3064271,0.09333868,-1.0228871,0.41279072,0.08684094,1023.9366,-0.00047193313,4.3608003,2.7964615144212512,0.8635681315140764,
275,train,4.097214,0.060305912,-1.278853,0.079011254,0.5884119,1208.4607,0.00013282125,3.5496967,0.30596036,0.092928626,-1.0231404,0.41360757,0.086723946,1024.2366,-0.00047012742,4.3607845,2.7960323844127064,0.8634356129731472,
276,train,4.098719,0.06151992,-1.2891456,0.06930501,0.5992998,1230.7548,0.00013144728,3.5724435,0.30724296,0.092580386,-1.0271494,0.40758565,0.086194076,1013.3306,-0.00046976103,4.353209,2.794282016139593,0.8628950862212935,
277,train,4.0987515,0.06039301,-1.2810485,0.07019426,0.58832717,1208.2887,0.00013177258,3.5500815,0.30676654,0.09292765,-1.0230201,0.41292515,0.08694872,1024.1346,-0.00046965116,4.361281,2.793787687377661,0.8627424338200022,
278,train,4.0977964,0.060380947,-1.2808089,0.07388803,0.5887125,1208.9747,0.00013387059,3.5502546,0.30673486,0.09273218,-1.0222608,0.41267037,0.08715799,1028.5406,-0.00046930314,4.3631754,2.792458200520021,0.8623318783821375,
279,train,4.100448,0.061542444,-1.2943431,0.06011206,0.59238493,1216.5208,0.00013283663,3.573598,0.30639234,0.092703864,-1.0220389,0.41382352,0.087075114,1028.8446,-0.00046892662,4.362797,2.791954835378144,0.8621764354794555,
280,train,4.0977798,0.06028667,-1.2784536,0.07670949,0.587688,1206.9368,0.00013308259,3.5506542,0.30644274,0.09273202,-1.021705,0.41324756,0.08714332,1029.9426,-0.0004692827,4.3634615,2.7908763831707124,0.8618434014101876,
281,train,4.097716,0.060359675,-1.2784847,0.07493202,0.58770055,1207.0587,0.00013255725,3.5503948,0.30609965,0.09326035,-1.0185444,0.4174189,0.08761704,1034.3406,-0.00046888742,4.3698444,2.789509416448704,0.8614212719112194,
282,train,4.099361,0.06268932,-1.2986715,0.05937047,0.60342556,1239.3628,0.00013504222,3.5955045,0.30543435,0.093023136,-1.0203975,0.4158978,0.08738192,1033.4346,-0.00046814937,4.3693943,2.788755446702743,0.861188440441385,
283,train,4.099456,0.06268128,-1.2989638,0.061229847,0.602784,1238.0048,0.00013480408,3.595842,0.30732074,0.09272574,-1.0228989,0.41105157,0.08728645,1027.7487,-0.0004688728,4.363014,2.787278771917048,0.8607324322757228,
284,train,4.0990334,0.060449798,-1.280973,0.06886579,0.5877745,1207.1287,0.00013334525,3.550115,0.30594027,0.092976645,-1.0183583,0.41591808,0.08754787,1033.8486,-0.000468708,4.3701973,2.7870578157609054,0.8606641993699872,
285,train,4.0984926,0.060397614,-1.2794008,0.07201397,0.5875801,1206.8027,0.00013387325,3.550461,0.30592963,0.092946395,-1.0193162,0.41556975,0.08776168,1038.2506,-0.0004672921,4.3718853,2.786100185457088,0.8603684760039104,
286,train,4.101114,0.06157695,-1.2966238,0.053778596,0.5897421,1211.1107,0.0001310066,3.574186,0.30557385,0.09278367,-1.0192982,0.41612142,0.08738459,1032.6486,-0.00046642355,4.3699193,2.784935602851968,0.8600088442267123,
287,train,4.095341,0.060186584,-1.2725545,0.08623534,0.58650905,1204.6448,0.00013990991,3.5494757,0.30624637,0.09289878,-1.0201533,0.41481358,0.08773509,1035.8466,-0.00046685783,4.3709393,2.7839819076961247,0.8597143360636218,
288,train,4.100944,0.061561592,-1.2948474,0.055211697,0.5893031,1210.3848,0.00013198299,3.5747657,0.30576816,0.09270142,-1.0200102,0.4149985,0.087583296,1035.5426,-0.0004660956,4.3707566,2.783005802715928,0.8594129075799603,
289,train,4.1013465,0.061549056,-1.2980871,0.052728813,0.5888657,1209.4127,0.00013139285,3.5741446,0.30631706,0.09216637,-1.0221399,0.41195616,0.08677928,1023.2346,-0.00046593472,4.3619776,2.781801581173909,0.8590410350039897,
290,train,4.095561,0.06022184,-1.2732441,0.086008675,0.58689815,1205.4988,0.00013859391,3.5495358,0.3056311,0.092490576,-1.0194054,0.4152499,0.087594286,1036.5507,-0.00046503035,4.3713574,2.781754915385607,0.8590266242611986,
291,train,4.0979085,0.06153889,-1.2849684,0.07307167,0.5998368,1232.0687,0.00013415782,3.571404,0.3063846,0.091926746,-1.0217687,0.41202793,0.086913586,1025.5446,-0.0004651978,4.362276,2.7806058663132047,0.8586717893545297,
292,train,4.09524,0.06024654,-1.2732973,0.08653632,0.5871966,1206.2087,0.00013911858,3.5495572,0.30648655,0.09207184,-1.0220499,0.41198024,0.087135166,1029.4426,-0.00046581545,4.3635926,2.779601972034232,0.8583617793285525,
293,train,4.0987935,0.06033553,-1.2790623,0.07096588,0.5868371,1205.2648,0.00013308259,3.5506182,0.30544707,0.09263738,-1.0176275,0.41749537,0.08742638,1034.2466,-0.00046711377,4.3694797,2.7785754595103667,0.8580447846201902,
294,train,4.095024,0.06027312,-1.2733483,0.08954355,0.5876834,1207.0928,0.00013938591,3.548764,0.30580148,0.09268186,-1.0199436,0.415131,0.08761769,1036.0426,-0.0004658959,4.3707466,2.778326748450388,0.8579679807935525,
295,train,4.0984697,0.06149763,-1.2850219,0.07268942,0.5977363,1227.6267,0.0001345797,3.5736766,0.30569085,0.09249133,-1.019653,0.41488886,0.08746343,1033.5446,-0.00046504292,4.370207,2.777309932075468,0.8576539803281593,
296,train,4.098614,0.061551314,-1.2876177,0.06775911,0.5973701,1226.8987,0.00013384686,3.5737064,0.30524334,0.09313073,-1.0154929,0.41906503,0.088120826,1042.3566,-0.00046617343,4.3778563,2.777507383040501,0.857714954655916,
297,train,4.098159,0.061480068,-1.2837404,0.07329161,0.5976198,1227.3748,0.00013512613,3.572958,0.3061639,0.09314501,-1.0175706,0.41699967,0.08847182,1044.0667,-0.00046408744,4.379234,2.7764353509469952,0.8573839031656173,
298,train,4.097027,0.060276076,-1.2756058,0.080228195,0.5860557,1203.6968,0.00013439792,3.5500467,0.30602404,0.093036056,-1.017258,0.41735354,0.08830276,1041.4446,-0.00046260454,4.3779984,2.775059692560492,0.8569590896159553,
299,train,4.097346,0.060314048,-1.2776401,0.07815272,0.58635145,1204.1407,0.00013465925,3.5493283,0.3048984,0.09329773,-1.0137628,0.42074862,0.088762134,1050.1387,-0.0004618496,4.394773,2.7750860935719124,0.8569672424448017,
300,train,4.0992455,0.061537538,-1.2890916,0.06574964,0.59355205,1219.0967,0.00013403215,3.573689,0.30709565,0.09289671,-1.018212,0.41633263,0.08885118,1046.2346,-0.00046165698,4.3807154,2.773692457461073,0.856536877240045,
301,train,4.1008863,0.061575733,-1.2936604,0.056496542,0.5881786,1208.0107,0.00013422804,3.5748696,0.30509093,0.09307363,-1.0132785,0.42192408,0.0888737,1051.3367,-0.000460863,4.3877296,2.7729440481132017,0.8563057628625305,
302,train,4.095019,0.06028562,-1.2740675,0.08916012,0.5871212,1205.6147,0.00014017125,3.548604,0.30566207,0.092666104,-1.0156444,0.418457,0.08852375,1048.0426,-0.0004636876,4.381621,2.7726002471293127,0.8561995945595738,
303,train,4.0969996,0.061524224,-1.2789567,0.080838986,0.6008449,1233.8948,0.00013745253,3.5718489,0.30650946,0.09278489,-1.0180612,0.41701114,0.08871132,1046.8486,-0.0004610955,4.3803754,2.771583736885445,0.8558856886297281,
304,train,4.0970373,0.059241895,-1.2715635,0.07867973,0.5724589,1175.7047,0.00014227258,3.5257368,0.30526924,0.093094744,-1.0137297,0.4214982,0.0889451,1051.7446,-0.00046112773,4.3862667,2.770936783534071,0.8556859046191342,
305,train,4.098795,0.061542712,-1.2878454,0.06910919,0.5951972,1222.3407,0.0001349075,3.5733664,0.3051485,0.09307867,-1.0147374,0.4212017,0.0888908,1051.3406,-0.0004602881,4.3872004,2.770187712483452,0.8554545859028857,
306,train,4.0951343,0.060260642,-1.2721188,0.089556225,0.5865941,1204.7067,0.00014069525,3.5483198,0.3063118,0.09280952,-1.0176035,0.41724303,0.088687986,1047.5447,-0.0004616246,4.38084,2.769247954802112,0.8551643817356673,
307,train,4.0969286,0.061574712,-1.2804776,0.0817205,0.600608,1233.6307,0.00013728823,3.5713294,0.3061473,0.0932306,-1.0154505,0.41983014,0.08946899,1057.1586,-0.00046064876,4.3893967,2.76864984708225,0.8549796816196737,
308,train,4.094773,0.06021268,-1.2699097,0.09135199,0.5864632,1204.5007,0.00014140802,3.5490751,0.30664024,0.09258152,-1.0183604,0.41610837,0.088790014,1047.6466,-0.00046005327,4.381276,2.767126890747886,0.854509381367279,
309,train,4.0957875,0.06022721,-1.2710885,0.0877033,0.5858813,1203.3147,0.00013964658,3.549489,0.30599144,0.09317246,-1.0154744,0.41904825,0.08924609,1053.5486,-0.00046024765,4.3884563,2.76668371583632,0.8543725256557517,
310,train,4.0998135,0.06164512,-1.2922689,0.06306372,0.59116167,1214.1107,0.00013477198,3.572841,0.30534285,0.093453005,-1.0093832,0.42463508,0.08980392,1061.5646,-0.00046105898,4.395356,2.765756887335885,0.854086314115837,
311,train,4.0976014,0.060456414,-1.2763453,0.07836509,0.58619267,1203.9667,0.00013465859,3.5497844,0.3074676,0.09268309,-1.0184425,0.4148376,0.08905069,1048.0546,-0.00046060473,4.3823013,2.764835938696292,0.853801918320718,
312,train,4.1008687,0.061592523,-1.2934837,0.057620756,0.58705837,1205.6567,0.00013356071,3.5747182,0.30655614,0.092976995,-1.0141777,0.4199743,0.08962897,1057.9507,-0.00045981558,4.3899713,2.76423275019938,0.8536156492229519,
313,train,4.0979104,0.06048182,-1.2757715,0.075397916,0.5858808,1203.4187,0.00013518325,3.5503874,0.30729762,0.09314939,-1.0155722,0.41872078,0.08986155,1058.2587,-0.00046019987,4.3906064,2.7629952278455905,0.8532334931084271,
314,train,4.098572,0.060479872,-1.2799636,0.07195416,0.5854078,1202.4187,0.00013387392,3.5502295,0.30646637,0.092953056,-1.0155717,0.4195783,0.08965177,1058.9426,-0.00045931476,4.389967,2.762538011477052,0.8530923012904671,
315,train,4.0954914,0.060273815,-1.2701725,0.08717279,0.58504796,1201.6147,0.00014148392,3.5500934,0.3068736,0.09300904,-1.0159179,0.41836512,0.08977638,1059.0426,-0.0004596824,4.3907638,2.762160734562176,0.8529757953708388,
316,train,4.099367,0.0615987,-1.2884005,0.0670122,0.5909801,1213.7047,0.00013591498,3.5729969,0.30606645,0.093362786,-1.0125377,0.42206213,0.09016983,1064.6346,-0.00045909354,4.3975673,2.762035401747099,0.8529370916646103,
317,train,4.0998907,0.061578654,-1.290249,0.06466512,0.5894265,1210.5127,0.00013498032,3.5742495,0.30565122,0.09322765,-1.0125307,0.4222729,0.08989038,1061.4347,-0.00045834557,4.396639,2.7614759690253368,0.8527643346759127,
318,train,4.096772,0.06033224,-1.2749304,0.08528769,0.58559084,1202.5967,0.00013859726,3.5481768,0.3055395,0.09232062,-1.0144722,0.41930276,0.089229755,1055.8427,-0.00045930795,4.389732,2.760929799286023,0.8525956733949202,
319,train,4.100001,0.061441172,-1.2885194,0.06640462,0.5890937,1209.9827,0.00013493163,3.5729616,0.3064052,0.09268807,-1.0160508,0.4180861,0.08965501,1059.3406,-0.00045777066,4.3908305,2.760753912230632,0.852541358162975,
320,train,4.10092,0.06164093,-1.29456,0.05939687,0.5866793,1205.1947,0.00013357573,3.5745294,0.3051723,0.09299325,-1.0118668,0.4219495,0.08991726,1064.8486,-0.00045800174,4.397978,2.7605878981327305,0.8524900917737933,
321,train,4.099851,0.06157188,-1.2894897,0.06626155,0.5900931,1212.0587,0.000135825,3.5728314,0.30572858,0.09271248,-1.0109981,0.4226802,0.08926245,1055.4346,-0.00045981485,4.3891587,2.760177982211234,0.8523635066859674,
322,train,4.094823,0.06028482,-1.2718464,0.091744274,0.5863448,1204.1768,0.0001427064,3.5483162,0.30624026,0.09345452,-1.0139178,0.42147496,0.09019202,1064.0406,-0.00045905454,4.397378,2.760313542377793,0.8524053686744624,
323,train,4.0989885,0.060556695,-1.2797458,0.0738128,0.5859885,1203.4507,0.00013956244,3.5490155,0.3058669,0.09324351,-1.0105463,0.42370903,0.090199694,1066.4426,-0.0004593946,4.398381,2.759765476093885,0.8522361217263819,
324,train,4.0971317,0.06145012,-1.278259,0.08193882,0.59793884,1227.9487,0.00014010814,3.572002,0.30629972,0.093437724,-1.0129786,0.42263344,0.09024412,1064.7487,-0.0004591852,4.39708,2.759186441439076,0.8520573115148498,
325,train,4.101028,0.061555304,-1.2930146,0.059856858,0.5849959,1201.5487,0.00013390895,3.5740623,0.3049142,0.09210701,-1.0170037,0.41831437,0.088884704,1052.5486,-0.00045671206,4.386874,2.758358782608912,0.8518017243072984,
326,train,4.0974245,0.060356382,-1.2738189,0.08141392,0.58478063,1201.1608,0.00013728459,3.54987,0.30480716,0.09267707,-1.0138448,0.42064616,0.08963821,1061.3346,-0.00045520955,4.396237,2.758630399755724,0.8518856017040549,
327,train,4.096985,0.061490785,-1.278184,0.0834251,0.59820086,1228.7147,0.0001397183,3.571794,0.3052527,0.09195174,-1.017144,0.4161917,0.089182116,1056.5366,-0.00045584803,4.390839,2.757591390645751,0.8515647479568824,
328,train,4.095146,0.06028719,-1.2692641,0.09128264,0.5855195,1202.5347,0.00014414117,3.5496562,0.30485067,0.09222254,-1.0153438,0.41825137,0.08880127,1051.2366,-0.00045847447,4.38727,2.757281566302491,0.851469071893462,
329,train,4.0959873,0.06037257,-1.274363,0.086803615,0.5856823,1202.9468,0.00014017125,3.5494144,0.30548868,0.09221706,-1.0170189,0.4173379,0.08911259,1053.7506,-0.00045760648,4.3890615,2.757063861958688,0.8514018431715823,
330,train,4.0964136,0.059254467,-1.2693574,0.08665227,0.57149893,1173.7247,0.00014536071,3.5253904,0.3053935,0.09217271,-1.0190283,0.41626182,0.089169405,1055.4526,-0.00045623223,4.3899693,2.7565137437536604,0.8512319625749863,
331,train,4.1007385,0.061491527,-1.2905045,0.0615033,0.5854988,1202.4987,0.00013593484,3.5739512,0.30536452,0.09210345,-1.0189214,0.41494566,0.08933321,1058.9446,-0.00045600667,4.391845,2.756265896199679,0.8511554254054281,
332,train,4.1005697,0.06145768,-1.2896055,0.06396404,0.585668,1202.9167,0.00013637396,3.5748935,0.3050512,0.092574924,-1.0147194,0.4180877,0.089835204,1063.8527,-0.00045404525,4.3984346,2.755688620102807,0.850977158249677,
333,train,4.096217,0.060205203,-1.2712673,0.08968059,0.58410835,1199.6267,0.00014171633,3.54822,0.30548182,0.092498064,-1.0138123,0.418252,0.09011983,1067.0426,-0.00045359705,4.4001994,2.755733797325304,0.8509911093122673,
334,train,4.095019,0.060295343,-1.2697793,0.092590205,0.58538395,1202.3807,0.00014467856,3.5492084,0.3046433,0.092426196,-1.0136253,0.42074022,0.08969006,1063.3527,-0.00045629355,4.3977246,2.754975318974208,0.8507568855516068,
335,train,4.0962195,0.0591326,-1.2673228,0.08700592,0.56997985,1170.5227,0.00014043241,3.5258207,0.30604863,0.09268079,-1.0146078,0.4185813,0.09037049,1068.7427,-0.0004546232,4.399789,2.7549648517480483,0.8507536531942543,
336,train,4.0974355,0.061548296,-1.2803035,0.080371216,0.59547985,1223.0668,0.00014079332,3.5716443,0.30640396,0.09259944,-1.0170099,0.4167027,0.09050261,1069.2606,-0.00045319434,4.401995,2.7539772985902267,0.850448689428126,
337,train,4.1005163,0.061554894,-1.2900378,0.063934475,0.58499026,1201.5327,0.0001379281,3.5736291,0.30502382,0.09286956,-1.0129278,0.4207546,0.09050044,1070.3486,-0.0004529665,4.4060235,2.753226536890732,0.8502168486269202,
338,train,4.096876,0.05922052,-1.2693949,0.08496513,0.5701674,1171.1027,0.00014629579,3.5255063,0.3053632,0.09293785,-1.0117958,0.42343047,0.09080165,1074.4347,-0.0004533048,4.4066334,2.7528774100462563,0.8501090356585704,
339,train,4.095087,0.06019665,-1.2681519,0.09439957,0.5837873,1199.1887,0.0001449429,3.5482666,0.30650818,0.09301847,-1.0145293,0.41918182,0.091410466,1079.8427,-0.00045308893,4.409788,2.752303692509632,0.8499318674127123,
340,train,4.094552,0.06021943,-1.2674155,0.094577625,0.58455086,1200.6227,0.0001454704,3.5481155,0.30636525,0.09249952,-1.0168927,0.41644058,0.090346776,1066.3326,-0.00045303022,4.399369,2.7515825708745645,0.8497091796840317,
341,train,4.0953364,0.060290188,-1.267575,0.09313412,0.58420527,1199.9147,0.0001444065,3.549234,0.30627078,0.09296688,-1.0150756,0.41801628,0.09096127,1072.1487,-0.00045227096,4.4078465,2.7513822949951203,0.8496473330016772,
342,train,4.0966783,0.059198946,-1.2679119,0.085912816,0.5694683,1169.6487,0.00014141742,3.5264843,0.3064672,0.09276451,-1.0149589,0.41882998,0.09126704,1077.1506,-0.0004516633,4.409045,2.750768221797009,0.8494577026271589,
343,train,4.097096,0.061644405,-1.2800069,0.08214784,0.5955191,1223.2507,0.00014252131,3.571708,0.30616826,0.09267506,-1.0142354,0.4188808,0.09088154,1071.1346,-0.00045084086,4.4079623,2.749784933663872,0.8491540559324005,
344,train,4.1002283,0.061595578,-1.2894007,0.06628122,0.5847921,1201.2487,0.00013780649,3.5733988,0.30609012,0.09246311,-1.0151954,0.4178689,0.09121476,1078.3467,-0.00044977697,4.409435,2.749287839147677,0.8490005494456053,
345,train,4.096481,0.05910843,-1.266939,0.09012587,0.568715,1168.3347,0.00014273242,3.5255246,0.30513754,0.0927211,-1.0093616,0.42236546,0.09148866,1082.5326,-0.00045006693,4.41554,2.749013523400879,0.8489158387010857,
346,train,4.098323,0.060484625,-1.2747977,0.07991105,0.58396924,1199.6448,0.00013810018,3.5492408,0.30521002,0.09210038,-1.0107625,0.4220204,0.09080347,1075.3386,-0.00044978288,4.407303,2.747998014979924,0.8486022421416127,
347,train,4.0997705,0.06161973,-1.2887281,0.06768287,0.58706146,1205.6827,0.0001391622,3.5724423,0.30563864,0.09184757,-1.0143455,0.41857708,0.09026286,1068.9407,-0.00045067942,4.400478,2.747326985610623,0.8483950232774696,
348,train,4.098085,0.060398478,-1.2721001,0.08342547,0.58399534,1199.5507,0.00013833326,3.5492685,0.3054986,0.09246011,-1.0131673,0.4209799,0.09095825,1076.7487,-0.00045079217,4.407792,2.746732341878798,0.8482113928667665,
349,train,4.097984,0.060425255,-1.2739007,0.08298727,0.58376247,1199.0167,0.00013780926,3.549413,0.30592993,0.09271072,-1.0152929,0.41869557,0.0909737,1074.4507,-0.00045043707,4.4077144,2.745794865716418,0.8479218932495859,
350,train,4.1004767,0.061507132,-1.2878145,0.0669983,0.58339185,1198.2047,0.00013944613,3.5735824,0.30653092,0.09263479,-1.0154458,0.41693133,0.09114833,1074.3427,-0.00045039877,4.4086018,2.745210127122123,0.8477413216190823,
351,train,4.0999126,0.061624065,-1.2880688,0.068787344,0.5853083,1202.3267,0.0001404398,3.5731392,0.30628112,0.09321379,-1.0122392,0.421122,0.091961,1085.1487,-0.0004514709,4.4175367,2.7448648351814766,0.8476346928975808,
352,train,4.095673,0.05912777,-1.2646224,0.09360255,0.56912965,1168.9427,0.00014502992,3.5247052,0.3064215,0.09297902,-1.0130138,0.42042166,0.092132315,1087.7446,-0.00044926722,4.417719,2.74436302589952,0.8474797304560235,
353,train,4.0979238,0.060393438,-1.2730336,0.08354686,0.5829536,1197.5767,0.00013956495,3.549109,0.3072655,0.09249253,-1.0155804,0.41679022,0.09160635,1079.1406,-0.00044944423,4.410334,2.743227937511259,0.8471292067125359,
354,train,4.0993457,0.061619535,-1.2861571,0.07137735,0.5870084,1205.8147,0.00014066548,3.5725172,0.30593687,0.09329143,-1.0108733,0.42277113,0.09263694,1093.7367,-0.00044603163,4.425425,2.742631805480685,0.8469451167041008,
355,train,4.0964384,0.05915842,-1.2666267,0.08789623,0.56893355,1168.5387,0.00014338824,3.526061,0.3057305,0.0930741,-1.0081125,0.42408296,0.09262325,1094.7446,-0.00045009842,4.425191,2.7417218919441737,0.8466641286309546,
356,train,4.0959535,0.05922707,-1.2675551,0.08980989,0.56905246,1168.8027,0.00014436991,3.5249753,0.30579254,0.093209974,-1.0102293,0.42378864,0.09244662,1090.7487,-0.00044638928,4.425965,2.740951156929117,0.846426119921229,
357,train,4.099915,0.061647166,-1.2872516,0.068452805,0.58497864,1201.4247,0.00013999116,3.5723865,0.3064729,0.09295657,-1.0130094,0.4197321,0.092255846,1089.9366,-0.00044970197,4.418774,2.740552250936144,0.8463029347812852,
358,train,4.0972996,0.061587147,-1.2768224,0.08465206,0.59235686,1216.8528,0.00014475916,3.5716631,0.30626702,0.09322744,-1.0106152,0.4227161,0.09288528,1096.7467,-0.00044611449,4.426105,2.740169711243356,0.8461848036766634,
359,train,4.095847,0.05911316,-1.2636304,0.092188254,0.5681315,1166.9427,0.00014502574,3.5255566,0.3056129,0.093005866,-1.009736,0.42359853,0.09258315,1094.6366,-0.00044727974,4.42494,2.7391300349844,0.845863743908919,
360,train,4.0973053,0.060373887,-1.2703611,0.08774115,0.58274287,1196.7627,0.00014148392,3.5489755,0.30580017,0.093149126,-1.0102457,0.42295715,0.092452824,1090.8427,-0.00044616003,4.423735,2.738335235922851,0.8456183040425124,
361,train,4.096451,0.06042668,-1.2711341,0.08937327,0.5836564,1198.5828,0.00014394811,3.5487058,0.30546358,0.09284019,-1.0090328,0.42385364,0.092503995,1093.9386,-0.00044730052,4.4252396,2.738010376529678,0.8455179850437632,
362,train,4.0963426,0.06039814,-1.2700845,0.08965915,0.58345604,1198.1847,0.00014404951,3.5485814,0.3052516,0.09293365,-1.0087973,0.42308807,0.09238544,1092.8407,-0.0004478357,4.4253144,2.7373599534487605,0.8453171295548587,
363,train,4.0993032,0.06165212,-1.2868923,0.070736036,0.5870678,1205.6927,0.0001419517,3.5729325,0.3065842,0.09256071,-1.0109706,0.4211083,0.09227287,1089.5607,-0.0004482522,4.418583,2.735882522399495,0.8448608878493764,
364,train,4.099981,0.061670236,-1.287777,0.06919141,0.5838718,1199.2968,0.00014185828,3.573563,0.3064246,0.09328513,-1.0093464,0.42336687,0.09295291,1097.1566,-0.00044690992,4.4262896,2.73548741404039,0.8447388754470393,
365,train,4.0983486,0.06042741,-1.2717321,0.0800565,0.58167636,1194.8287,0.00013983257,3.5502906,0.30611262,0.092985824,-1.0115258,0.42246786,0.09260862,1092.0566,-0.00044488115,4.425377,2.734171390385201,0.8443324775463068,
366,train,4.0956593,0.059121896,-1.2655022,0.091121174,0.56849647,1167.4607,0.00014568158,3.5254707,0.30428162,0.092301145,-1.0099598,0.4235313,0.09199498,1090.8546,-0.00044466637,4.423656,2.733874629796008,0.8442408356673842,
367,train,4.099059,0.06046813,-1.275904,0.077353984,0.57883954,1188.6967,0.00013966089,3.5507643,0.30481726,0.09220203,-1.011018,0.42182502,0.09245792,1096.9426,-0.0004435461,4.4263506,2.73346604442722,0.8441146614641389,
368,train,4.097932,0.060446158,-1.2711434,0.08407367,0.5822386,1195.5867,0.00014208436,3.5484383,0.30455023,0.09202021,-1.0097637,0.42240083,0.0923874,1097.1487,-0.00044324182,4.4268594,2.732579355645346,0.8438408453681016,
369,train,4.09974,0.061662506,-1.287035,0.069090545,0.5840461,1199.4008,0.0001423067,3.572656,0.30594465,0.09311255,-1.0074794,0.42523146,0.093513735,1104.2506,-0.0004435442,4.4338975,2.731475810270996,0.8435000623421047,
370,train,4.0949383,0.06029472,-1.2660642,0.095325276,0.5819735,1195.3707,0.00014908487,3.5481257,0.30490056,0.09200756,-1.0132544,0.4197556,0.09250511,1097.3527,-0.00044161733,4.4270577,2.730605158682319,0.8432311986507017,
371,train,4.099213,0.060490843,-1.2756573,0.07703839,0.5773225,1185.8887,0.000145972,3.5497444,0.30553937,0.09347677,-1.0067221,0.42613298,0.09408342,1111.1427,-0.00044220863,4.4401293,2.730041766673583,0.8430572190047151,
372,train,4.0946536,0.060250152,-1.2650782,0.09702032,0.5821383,1195.5787,0.00015044714,3.54888,0.30648053,0.0930033,-1.0084116,0.42399374,0.09385088,1107.7367,-0.00044249627,4.435128,2.729126989553496,0.8427747290207581,
373,train,4.0961885,0.06044042,-1.2701592,0.0909992,0.58315235,1197.5668,0.00014551739,3.5480936,0.30595773,0.09300324,-1.0088054,0.4234361,0.09366096,1107.1447,-0.0004426257,4.4352236,2.728516751990425,0.8425862831188913,
374,train,4.0975204,0.061530758,-1.2775521,0.0830029,0.59063697,1212.8547,0.00014500917,3.5722256,0.30577645,0.09301941,-1.0063102,0.42686352,0.09356028,1106.2467,-0.00044335108,4.43402,2.727392934438341,0.8422392398935112,
375,train,4.0978613,0.06163153,-1.2796402,0.082501516,0.5896916,1210.9067,0.00014523405,3.5717227,0.3062817,0.09323519,-1.0072318,0.42567915,0.0938235,1108.4547,-0.00044433106,4.4354663,2.727002768440484,0.8421187537291166,
376,train,4.09688,0.061556216,-1.2757556,0.086655736,0.5927098,1217.2767,0.0001412483,3.5715392,0.305243,0.092222996,-1.0113119,0.42149064,0.092357226,1092.2606,-0.000443162,4.4255557,2.725791788512097,0.8417447941131286,
377,train,4.0979323,0.061680745,-1.27884,0.07982216,0.5889522,1209.7927,0.0001452164,3.5734913,0.305155,0.092480935,-1.0113707,0.4206081,0.09335375,1105.8527,-0.00044153482,4.4349685,2.725340840736897,0.8416055380834527,
378,train,4.099566,0.06171839,-1.2849126,0.07179564,0.5838171,1199.1207,0.0001430249,3.573398,0.30476132,0.092134245,-1.007477,0.4245225,0.093253106,1106.2467,-0.00044022358,4.43541,2.724400960524496,0.8413152960777307,
379,train,4.09636,0.06046565,-1.2682621,0.090710476,0.58252805,1196.3488,0.00014696034,3.549531,0.30671614,0.092096455,-1.0135272,0.41833195,0.09308319,1097.8507,-0.0004392713,4.4276013,2.723399623245579,0.8410060756724039,
380,train,4.098181,0.061633445,-1.2795668,0.079015985,0.5877979,1207.0607,0.00014541688,3.5723207,0.30448574,0.09257371,-1.0051537,0.42737234,0.0937897,1111.7427,-0.0004404745,4.4407134,2.722966169301349,0.8408722218679494,
381,train,4.098693,0.061680537,-1.2827004,0.07650577,0.5858469,1203.0568,0.00014510908,3.571711,0.30550292,0.09200151,-1.0099652,0.42209065,0.09356137,1107.8567,-0.0004391844,4.435746,2.721770709415284,0.8405030549565561,
382,train,4.0953407,0.05921756,-1.2632204,0.09204198,0.56751513,1165.5087,0.00014891871,3.525741,0.3050051,0.091777734,-1.008455,0.42255214,0.09345745,1108.8407,-0.00043902436,4.4364686,2.7207161012867567,0.8401773841163406,
383,train,4.098428,0.061691042,-1.2804513,0.07674846,0.5861962,1204.0887,0.00014593,3.5733156,0.30477294,0.09232116,-1.0069989,0.42557034,0.09403241,1114.8386,-0.00043885363,4.4429817,2.7196644157206227,0.8398526157851466,
384,train,4.0980163,0.061720498,-1.2798966,0.0793724,0.5878765,1207.5127,0.00014605996,3.5721993,0.3041555,0.0921318,-1.0076196,0.42571747,0.093630895,1110.5306,-0.00043765834,4.442921,2.718844929228787,0.839599552256503,
385,train,4.095741,0.059153166,-1.2648073,0.09537148,0.5682041,1166.9347,0.00014699658,3.5238097,0.3042768,0.09240476,-1.0064033,0.42659092,0.09389837,1115.2407,-0.00043868646,4.4429903,2.71848306175496,0.8394878048869729,
386,train,4.096362,0.06041379,-1.2677212,0.08997541,0.5814962,1194.0787,0.00014573737,3.5492196,0.30455974,0.09212995,-1.0070785,0.42507777,0.09411991,1117.9447,-0.00043780566,4.4445624,2.71784333312405,0.8392902519238364,
387,train,4.0983024,0.061557297,-1.2786729,0.079755865,0.58593976,1203.1868,0.0001461345,3.5723546,0.3044234,0.09210047,-1.0079483,0.42430133,0.093891256,1114.1447,-0.00043735802,4.442835,2.717003316337483,0.8390308484873596,
388,train,4.0959415,0.060382016,-1.2659891,0.09095148,0.5812258,1193.5988,0.00014816952,3.5486727,0.30492765,0.09197106,-1.0077895,0.42454907,0.09422599,1117.7527,-0.00043653147,4.4446163,2.7158694544694,0.8386807035024328,
389,train,4.0988116,0.061606973,-1.281016,0.076491915,0.5842216,1199.8848,0.00014568637,3.571922,0.30545723,0.09201999,-1.0098283,0.4220406,0.094473846,1119.4407,-0.0004339102,4.445485,2.714874683225234,0.8383735107375125,
390,train,4.0996375,0.06164457,-1.283575,0.07252794,0.58154035,1194.4647,0.0001445232,3.572873,0.30395272,0.09208889,-1.0044408,0.42762595,0.0944607,1121.5366,-0.00043513608,4.4501796,2.7139275825263147,0.8380810389918069,
391,train,4.0983524,0.06159112,-1.2802622,0.07856548,0.58613896,1203.8347,0.0001465207,3.5729837,0.3062404,0.093116894,-1.0041641,0.42770326,0.09543704,1126.9347,-0.00043832284,4.4523535,2.71294775395413,0.8377784606352222,
392,train,4.096969,0.061648756,-1.2755989,0.08531159,0.590764,1213.2607,0.0001488234,3.5710351,0.30433893,0.09219911,-1.0029881,0.42859858,0.09466478,1123.2487,-0.0004366782,4.451326,2.712198556872017,0.8375471029995102,
393,train,4.099342,0.060625516,-1.2761315,0.07596992,0.57548976,1181.8527,0.00014851952,3.5510588,0.30445907,0.092344545,-1.003607,0.42914394,0.09472674,1123.7587,-0.00043474772,4.45086,2.711066553399522,0.8371975319009742,
394,train,4.096456,0.059217174,-1.2629559,0.08908935,0.56644046,1163.3027,0.00014617885,3.5264964,0.30460525,0.09246359,-1.0022118,0.43015102,0.09485429,1125.4426,-0.00043586246,4.45087,2.710177743782145,0.8369230608751469,
395,train,4.096012,0.06036876,-1.2647656,0.092822835,0.5804032,1192.0507,0.00014897418,3.5483983,0.30553564,0.092698194,-1.0044491,0.42718202,0.095175065,1126.0526,-0.0004361232,4.451762,2.70921529275879,0.8366258488349931,
396,train,4.098118,0.061723687,-1.2788827,0.07880437,0.5855654,1202.7227,0.00014747691,3.5724342,0.30586264,0.09262781,-1.0040435,0.42714438,0.09544042,1129.3527,-0.00043588283,4.453577,2.708288035285236,0.8363395048249862,
397,train,4.099162,0.060486104,-1.2731758,0.07815288,0.5747308,1180.3967,0.00014952566,3.5507092,0.3055756,0.09264834,-1.0057844,0.42739844,0.095354795,1129.4407,-0.00043525553,4.4533443,2.707610747513835,0.8361303533196893,
398,train,4.0984497,0.060467865,-1.2711977,0.08282138,0.57681334,1184.6707,0.00014333724,3.5498102,0.305559,0.09302983,-1.0035194,0.42929605,0.09598504,1135.1506,-0.00043461384,4.460249,2.706829348145478,0.8358890513782828,
399,train,4.096697,0.060433466,-1.2664276,0.09087163,0.5807001,1192.6027,0.00014825283,3.549211,0.30470484,0.09284837,-1.003906,0.42904094,0.095588274,1132.5406,-0.0004337378,4.458853,2.706148263606499,0.8356787274028961,
400,train,4.096403,0.060438905,-1.2670481,0.090708196,0.5809032,1193.0247,0.00014752538,3.5487685,0.30468646,0.09273975,-1.0038594,0.4288045,0.09546295,1130.0587,-0.00043324867,4.4630055,2.7049186420469824,0.8352990111124535,
401,train,4.0947666,0.06041063,-1.2641315,0.09779285,0.5817853,1194.8307,0.00015265051,3.5470865,0.30556762,0.09259278,-1.0076278,0.42484337,0.095289126,1128.1447,-0.00043449042,4.4530034,2.7041421605668146,0.8350592278515269,
402,train,4.096993,0.06048809,-1.2660381,0.08972668,0.58034134,1191.9967,0.00014855675,3.549869,0.30462763,0.09184569,-1.0061504,0.424949,0.09498437,1127.8586,-0.00043327283,4.4538145,2.703388342218968,0.8348264431345573,
403,train,4.096596,0.06045652,-1.2656902,0.09050532,0.580914,1193.0687,0.00014866031,3.5487864,0.30620056,0.09298874,-1.0064155,0.42524996,0.09600545,1131.4447,-0.00043370613,4.4601727,2.702147354515652,0.834443216894304,
404,train,4.097244,0.060405385,-1.2657588,0.08926813,0.5796664,1190.5327,0.00014775441,3.5499637,0.3049771,0.09223871,-1.0030817,0.42738318,0.09584445,1135.9467,-0.00043048424,4.461886,2.702147231598171,0.8344431789364709,
405,train,4.0952134,0.059180096,-1.261286,0.09482397,0.5657096,1161.8507,0.00015181946,3.525268,0.30420405,0.09254495,-1.0014842,0.4317348,0.09622185,1141.4526,-0.0004302699,4.4663787,2.7008548799597203,0.8340440911307133,
406,train,4.0970263,0.059312552,-1.2614484,0.089356005,0.5658492,1162.1387,0.00015439803,3.5261874,0.304563,0.09260993,-1.0035857,0.4301277,0.09635028,1141.7386,-0.00042922967,4.4664955,2.700171765461018,0.8338331402886536,
407,train,4.0958066,0.05914935,-1.260297,0.094205126,0.56525147,1160.9927,0.00015151146,3.526249,0.30443254,0.09228328,-1.0029069,0.4289471,0.096423805,1144.0447,-0.00042811938,4.4683223,2.699087226746145,0.833498226660582,
408,train,4.0959277,0.059178393,-1.2599256,0.0945037,0.565233,1160.9667,0.00014986242,3.52673,0.3046328,0.09216114,-1.0026444,0.42858595,0.096694104,1148.2347,-0.00042737878,4.470073,2.6981554469098583,0.8332104861113004,
409,train,4.095031,0.060343515,-1.2610998,0.09558498,0.579636,1190.5048,0.00015388188,3.5497687,0.30457512,0.0920717,-1.0040529,0.4280969,0.09667691,1148.2407,-0.0004264652,4.470178,2.697382880818825,0.8329719119516833,
410,train,4.097273,0.059339147,-1.2618695,0.08886635,0.5655937,1161.7207,0.00015350673,3.5259295,0.30529892,0.09220285,-1.0055398,0.4255428,0.096922345,1148.5427,-0.00042681603,4.4710236,2.696071188014188,0.8325668514498386,
411,train,4.09474,0.059146468,-1.2595214,0.096440256,0.565141,1160.6647,0.00015464802,3.525441,0.30433914,0.09228594,-1.0015985,0.43010405,0.09738563,1157.0327,-0.00042549125,4.477826,2.6958251873033285,0.8324908845991837,
412,train,4.099282,0.061749104,-1.2825933,0.074532025,0.5794999,1190.2167,0.00014972061,3.573677,0.30442372,0.092253186,-1.0015231,0.43010744,0.097349405,1155.7347,-0.00042542088,4.4776344,2.69472077132894,0.8321498327254144,
413,train,4.0958915,0.060491268,-1.2633193,0.09406115,0.5800337,1191.1887,0.0001521653,3.5492167,0.30484834,0.09163968,-1.0019714,0.42827514,0.0967654,1148.2327,-0.0004255693,4.470507,2.693503210648735,0.8317738409242803,
414,train,4.097047,0.060554683,-1.2655487,0.08751966,0.57935447,1190.0146,0.00015026875,3.5495872,0.30449784,0.09227134,-0.99817884,0.43207514,0.09726478,1153.5427,-0.0004265724,4.4767976,2.692577121404756,0.831487857672262,
415,train,4.09804,0.06168265,-1.2768736,0.08128172,0.58263415,1196.7047,0.00015270965,3.5725431,0.30446818,0.09218947,-0.99847364,0.4336868,0.097323835,1154.9366,-0.00042605965,4.4769564,2.691487345106471,0.831151326639446,
416,train,4.095704,0.059258264,-1.2611055,0.093976684,0.56524414,1160.9327,0.0001527021,3.5257907,0.30536577,0.09206097,-1.00337,0.42972636,0.09697787,1149.2367,-0.00042674926,4.47019,2.6905952750878925,0.8308758487774583,
417,train,4.095826,0.060365036,-1.2616173,0.095277146,0.5789138,1189.0447,0.00015366173,3.5491014,0.3046843,0.092164695,-1.000918,0.43070605,0.097370006,1154.4507,-0.00042516066,4.4766784,2.689796454519451,0.8306291670397885,
418,train,4.0975056,0.06040013,-1.2651681,0.089584686,0.57720315,1185.4347,0.00015032892,3.5494578,0.30494788,0.09250605,-1.0017457,0.43037567,0.09743834,1154.1467,-0.0004266217,4.476697,2.688778707696127,0.8303148792450022,
419,train,4.098075,0.060609184,-1.2689488,0.08448036,0.5763396,1183.6627,0.00014813295,3.549861,0.30522308,0.09234935,-1.0012262,0.42972162,0.09768543,1157.3527,-0.0004260903,4.4783463,2.6879501577180966,0.8300590168443563,
420,train,4.0946903,0.059077002,-1.256059,0.09812885,0.56412596,1158.6367,0.00015723177,3.5265877,0.3059719,0.09255918,-1.0029145,0.42854175,0.09792027,1157.2467,-0.00042407517,4.478572,2.68690534747016,0.8297363716625992,
421,train,4.0976515,0.061826833,-1.2757239,0.083108634,0.5839916,1199.5568,0.00015403403,3.5727625,0.30520344,0.0928402,-0.9996389,0.43227956,0.09844992,1165.8447,-0.00042368582,4.485766,2.6864511030278857,0.8295960975975915,
422,train,4.097297,0.06168529,-1.2737633,0.08480926,0.58439124,1200.2427,0.00015433552,3.5727382,0.3061277,0.09260756,-1.0039121,0.42796507,0.09800475,1157.9387,-0.00042376525,4.4789767,2.685214932065431,0.8292143588027703,
423,train,4.095148,0.06048701,-1.2611043,0.098715685,0.5796391,1190.5427,0.00015560577,3.5494297,0.30610275,0.09283923,-1.0025004,0.42813778,0.09891926,1169.4407,-0.0004227882,4.48806,2.684725716952176,0.8290632855342546,
424,train,4.0962453,0.059245963,-1.2616087,0.091414034,0.56450254,1159.2906,0.00015074812,3.5246084,0.30404422,0.09288093,-0.9961668,0.4355342,0.09866763,1170.7467,-0.00042209975,4.4909177,2.6842864529028354,0.8289276375260934,
425,train,4.0949507,0.059137702,-1.2567471,0.09893247,0.56439596,1159.1407,0.00015293411,3.5266988,0.30461758,0.092373155,-0.99804395,0.43273127,0.09834997,1167.6367,-0.00042410244,4.4869947,2.682906914463163,0.8285016257871312,
426,train,4.0985045,0.060552742,-1.2681894,0.08622277,0.57379276,1178.2627,0.00014859629,3.5500066,0.30442527,0.092447236,-0.99817216,0.4333,0.09807604,1163.3427,-0.00042478179,4.4848366,2.682020867125786,0.8282280077739291,
427,train,4.095517,0.060402367,-1.2600907,0.09576241,0.5785836,1188.3387,0.00015604353,3.5500247,0.30533805,0.09261452,-0.99844015,0.43254688,0.09864689,1168.9507,-0.00042362462,4.4866357,2.681120799885116,0.8279500603102312,
428,train,4.0986333,0.06167998,-1.2782391,0.0795781,0.5807747,1192.7727,0.00015262264,3.5724804,0.3050441,0.09282922,-0.99843055,0.43426636,0.09840764,1166.0447,-0.00042404316,4.48493,2.680209792206761,0.8276687343579394,
429,train,4.096985,0.06051607,-1.2631835,0.09144582,0.57803637,1187.1647,0.0001524664,3.5493627,0.30541474,0.09326797,-0.9974366,0.43368337,0.09927094,1173.9487,-0.00042352718,4.4933167,2.679530848072917,0.8274590713555907,
430,train,4.096057,0.06057222,-1.2636092,0.09357334,0.5798181,1190.7007,0.00015275272,3.5499072,0.3052731,0.093107015,-0.99579626,0.43500265,0.0992843,1175.1527,-0.00042330765,4.4935412,2.679116708646512,0.8273311820180109,
431,train,4.095677,0.060462363,-1.2606039,0.096469164,0.5786866,1188.5308,0.00015487682,3.5499916,0.3055338,0.09307244,-0.9975153,0.4344139,0.09917272,1171.1606,-0.00042253354,4.491496,2.677861385187446,0.8269435287896718,
432,train,4.098868,0.06169811,-1.275318,0.07953798,0.57841766,1187.9688,0.00015340149,3.5735404,0.3058235,0.092880145,-0.9976381,0.43337592,0.09964732,1178.8427,-0.000421336,4.495285,2.6768334138270413,0.8266260835817272,
433,train,4.096074,0.059250463,-1.2587825,0.09309668,0.56387925,1157.9948,0.00015319676,3.5260034,0.30532205,0.09305644,-0.99498254,0.4358894,0.10028496,1187.9368,-0.00042040704,4.5026536,2.6762586484543207,0.8264485917562828,
434,train,4.0966234,0.059309278,-1.2596103,0.08978822,0.56428957,1158.7747,0.00015298804,3.5266461,0.30541494,0.092640795,-0.99515235,0.43614146,0.09946956,1177.9427,-0.00042170697,4.4939537,2.674944667796769,0.8260428247484282,
435,train,4.0953665,0.05921895,-1.2568583,0.09563867,0.5643466,1159.0306,0.00015610471,3.5262535,0.30639365,0.092775255,-0.99696463,0.43351012,0.09985902,1179.3407,-0.00042120507,4.495413,2.67398285101698,0.8257458085674088,
436,predict,4.097373,0.060622253,-1.2719861,0.073100045,0.6064953,1257.1782,0.00012958728,3.5704134,0.31053114,0.092916854,-1.1025537,0.32789633,0.068636134,800.57764,-0.0005632354,4.0958524,2.673467661487902,0.8255867142059424,0.8041523098945618
437,predict,4.0970116,0.06050526,-1.2725352,0.07782658,0.60722965,1257.9711,0.00012912494,3.5640748,0.3110618,0.09296863,-1.1024882,0.32701918,0.06809187,823.41974,-0.0005737973,4.1064897,2.672608012146676,0.8253212480904493,0.79383385181427
438,predict,4.0975366,0.06050595,-1.273447,0.071693696,0.60954845,1258.6078,0.00012907047,3.5677297,0.31167772,0.0929904,-1.1023659,0.32752922,0.06907949,809.25757,-0.00057350495,4.1049457,2.671637259434951,0.8250214724271321,0.7997705936431885
439,predict,4.0973883,0.060516693,-1.2731354,0.070076495,0.61201674,1261.501,0.00012889407,3.564085,0.31134096,0.09301242,-1.102704,0.32745957,0.06947838,818.2466,-0.00056706555,4.1129,2.67091905189426,0.8247996845924863,0.8528635501861572
440,predict,4.0979433,0.06051622,-1.2737557,0.06864008,0.6136075,1262.8447,0.00012869999,3.5645745,0.31143418,0.09301601,-1.102514,0.32741472,0.069414206,816.2621,-0.0005612051,4.1136374,2.670018498059217,0.8245215868648239,0.7080545425415039
441,predict,4.097852,0.060504895,-1.2740365,0.06969639,0.6129007,1262.1882,0.00012851774,3.5653067,0.31149244,0.093027554,-1.1028814,0.3273738,0.06919892,814.8787,-0.00056137156,4.120143,2.6687930913209352,0.8241431721425523,0.7619098424911499
442,predict,4.0976877,0.060501654,-1.2745918,0.06972189,0.6122066,1262.2384,0.00012843657,3.5667646,0.3115339,0.093029566,-1.1026388,0.32729137,0.069326036,816.3579,-0.00056231703,4.1200247,2.668020204515788,0.8239044989440295,0.7688782215118408
443,predict,4.0976357,0.06050513,-1.2745826,0.06969618,0.6125609,1262.3005,0.00012840197,3.5680065,0.31155935,0.09303345,-1.1028615,0.32724643,0.06916769,815.1069,-0.00056277565,4.1224885,2.66698719762207,0.823585498725915,0.7883651256561279
444,predict,4.097547,0.060507357,-1.2748502,0.069452986,0.6128799,1262.4135,0.00012838085,3.5688047,0.3115695,0.09303537,-1.1030077,0.327331,0.06927673,814.2493,-0.0005612021,4.1226425,2.6661556479263,0.8233287099901022,0.8427077531814575
445,predict,4.0976286,0.0604993,-1.275109,0.06921052,0.6130739,1262.2799,0.00012835616,3.5697863,0.31156898,0.09303313,-1.1039225,0.32727003,0.06915251,814.2727,-0.00056117016,4.1231365,2.664950367698432,0.822956510484061,0.9003830552101135
446,predict,4.0976906,0.06048524,-1.2761109,0.06905133,0.6127332,1262.166,0.00012832592,3.5703669,0.31156585,0.09303169,-1.1038489,0.32722923,0.06924383,814.3149,-0.00056133827,4.1231675,2.664380300445286,0.8227804694729125,0.8774242401123047
447,predict,4.0978813,0.060470987,-1.2760187,0.06898478,0.6122558,1262.0942,0.00012829495,3.5708733,0.31155968,0.093030535,-1.1041108,0.32717803,0.069157034,814.20715,-0.000561199,4.12294,2.663063675669759,0.8223738859417452,0.8507888317108154
448,predict,4.0979176,0.060462035,-1.2766855,0.06898511,0.6121261,1262.1084,0.00012826904,3.571122,0.31155083,0.09303487,-1.1040721,0.3271043,0.06922238,814.07574,-0.00056070846,4.1217995,2.662622589940592,0.8222376753852938,0.8606818914413452
449,predict,4.097961,0.060497418,-1.2769488,0.06903621,0.6123881,1262.1381,0.00012822889,3.571295,0.3115405,0.09303737,-1.103824,0.32704568,0.06914774,813.9011,-0.0005604836,4.1164665,2.661714639943983,0.8219572936678854,0.9638527631759644
450,predict,4.0979395,0.06057025,-1.2779821,0.06902288,0.612216,1262.1587,0.0001282177,3.5715673,0.3115548,0.09303648,-1.1036738,0.3270229,0.06914623,813.19196,-0.0005602607,4.116653,2.661112322040607,0.8217712934158836,1.0238804817199707
451,predict,4.097975,0.060579836,-1.2783347,0.06902015,0.61246556,1262.1426,0.0001281981,3.5721364,0.31155267,0.093036145,-1.1036065,0.3268992,0.06913634,812.0124,-0.0005607798,4.118728,2.65996181891561,0.82141600948695,1.082196831703186
452,predict,4.0979753,0.060592305,-1.2788128,0.069003105,0.612263,1262.1248,0.00012819363,3.5723178,0.31154603,0.09303791,-1.1035773,0.32687104,0.069154084,812.1156,-0.00056115346,4.1193457,2.659491062639297,0.821270636444683,1.1432886123657227
453,predict,4.0979953,0.0605971,-1.2790604,0.06901866,0.6122203,1262.1252,0.00012819297,3.5726707,0.3115462,0.093040094,-1.1035693,0.32685336,0.069129124,811.9862,-0.00056117936,4.1199784,2.658468350845405,0.8209548154300278,1.1895047426223755
454,predict,4.0980005,0.060600378,-1.2793108,0.06901223,0.6121706,1262.1311,0.00012819195,3.572931,0.31155595,0.093042545,-1.103585,0.32682717,0.06913213,811.8313,-0.00056111807,4.1203184,2.6577389353819423,0.8207295665054023,1.2224065065383911
455,predict,4.098043,0.060602672,-1.2796035,0.06899635,0.61211723,1262.1349,0.0001281905,3.573219,0.31155637,0.09304468,-1.1036084,0.3268075,0.06911916,811.77783,-0.00056116015,4.120525,2.6567265134941933,0.8204169230903585,1.22323739528656
456,predict,4.098046,0.060606956,-1.2799327,0.068971336,0.61206156,1262.1346,0.00012818878,3.5734787,0.3115567,0.09304671,-1.1036355,0.32679054,0.06912333,811.6834,-0.0005612755,4.1205754,2.65539385847195,0.8200053892996817,1.2140499353408813
457,predict,4.09805,0.060612384,-1.280224,0.06895285,0.61201733,1262.1326,0.00012818768,3.5737252,0.31155664,0.09304844,-1.1036674,0.3267717,0.069113545,811.544,-0.000561378,4.1205845,2.654694923421633,0.819789552953521,1.1776899099349976
458,predict,4.0980744,0.060618028,-1.2805066,0.068940476,0.61196977,1262.1318,0.00012818706,3.5739505,0.3115564,0.093050055,-1.1037098,0.32675144,0.06911543,811.4517,-0.00056138943,4.120545,2.654017886970488,0.8195804790577897,1.1056137084960938
459,predict,4.098088,0.06062316,-1.280778,0.06893529,0.6119214,1262.1324,0.00012818676,3.5741522,0.31155634,0.09305158,-1.1037656,0.32673225,0.06910838,811.3743,-0.000561419,4.1204643,2.652718760334881,0.8191792990824797,1.0066248178482056
460,predict,4.098122,0.060628347,-1.2810837,0.068933174,0.6118794,1262.133,0.00012818651,3.57433,0.3115565,0.09305306,-1.1037974,0.326712,0.06910923,811.287,-0.0005614949,4.120323,2.652448898519693,0.8190959637451947,0.9022657871246338
461,predict,4.098151,0.060634322,-1.2813337,0.06893082,0.61183673,1262.133,0.00012818622,3.574482,0.31155664,0.09305462,-1.103816,0.32669336,0.069104,811.20636,-0.00056157354,4.1202044,2.651404892809516,0.8187735670106863,0.8219830989837646
462,predict,4.0981917,0.06064246,-1.2816153,0.0689267,0.6117903,1262.1326,0.0001281859,3.5746145,0.31155676,0.093056254,-1.1038278,0.326676,0.069104046,811.1281,-0.00056162686,4.1202197,2.650867154579264,0.8186075094424531,0.7671180963516235
463,predict,4.0982027,0.060654987,-1.281853,0.06892074,0.6117473,1262.1323,0.00012818561,3.5747325,0.31155735,0.09305798,-1.1038235,0.3266593,0.06910019,811.0414,-0.0005616829,4.1202526,2.649750606107994,0.8182627109633369,0.7392441630363464
464,predict,4.098214,0.06067123,-1.282115,0.06891394,0.61169785,1262.1324,0.00012818523,3.5748408,0.31155807,0.093059696,-1.103817,0.32664502,0.069100566,810.957,-0.00056173425,4.120366,2.648860073688285,0.8179877079233254,0.7295417785644531
465,predict,4.0982203,0.060686473,-1.282343,0.06890723,0.6116546,1262.1327,0.00012818507,3.5749419,0.31155783,0.09306141,-1.1038156,0.32663298,0.06909774,810.88904,-0.0005618043,4.120473,2.648159703016629,0.817771428246609,0.7307581901550293
466,predict,4.0982304,0.060700543,-1.2825793,0.068900734,0.61160946,1262.1327,0.00012818491,3.575037,0.31155804,0.0930632,-1.1038178,0.32662058,0.06909752,810.8387,-0.0005618876,4.1205363,2.647161807464467,0.8174632706721232,0.734107255935669
467,predict,4.0982366,0.06071614,-1.2827991,0.068894714,0.6115658,1262.1326,0.00012818485,3.5751243,0.31155857,0.09306509,-1.1038231,0.3266094,0.06909533,810.7956,-0.0005619631,4.120575,2.6464104865068907,0.8172312571678588,0.7383670210838318
468,predict,4.098244,0.060732137,-1.2830172,0.06888917,0.61152244,1262.1326,0.00012818484,3.5752082,0.31155887,0.09306704,-1.103831,0.32659882,0.06909518,810.7541,-0.00056203053,4.120596,2.645125765753313,0.8168345258361515,0.744766116142273
469,predict,4.098251,0.060749233,-1.2832327,0.068884395,0.61147964,1262.1326,0.00012818484,3.5752873,0.3115588,0.093069024,-1.1038408,0.32658845,0.069093585,810.71625,-0.00056209916,4.1206064,2.644273748165824,0.8165714164630203,0.7543414831161499
470,predict,4.098258,0.060766652,-1.2834408,0.068880156,0.6114372,1262.1326,0.00012818482,3.5753622,0.31155896,0.09307103,-1.1038513,0.32657844,0.06909335,810.67957,-0.00056217384,4.12061,2.6436711282828784,0.8163853229574796,0.7710570096969604
471,predict,4.098263,0.06078295,-1.2836425,0.06887623,0.6113952,1262.1326,0.0001281848,3.5754325,0.31155908,0.09307305,-1.1038623,0.32656887,0.069092125,810.6447,-0.0005622526,4.120611,2.6429023798071314,0.8161479277058797,0.8016289472579956
472,predict,4.0982676,0.060795963,-1.2838398,0.068872325,0.61135364,1262.1326,0.00012818478,3.5754986,0.3115592,0.09307509,-1.1038735,0.32655972,0.06909188,810.6128,-0.00056232914,4.120612,2.641364901709934,0.8156731430250274,0.845262348651886
473,predict,4.0982733,0.060803667,-1.2840328,0.06886834,0.61131245,1262.1326,0.00012818478,3.57556,0.31155932,0.09307716,-1.1038845,0.32655102,0.069090955,810.5832,-0.0005624045,4.1206164,2.640888884997694,0.8155261455209892,0.886253297328949
474,predict,4.098278,0.060803667,-1.2842207,0.06886427,0.61127174,1262.1326,0.00012818477,3.5756176,0.31155944,0.09307926,-1.1038942,0.32654282,0.06909072,810.55536,-0.0005624826,4.1206245,2.639828727993436,0.8151987611466441,0.9014490246772766
475,predict,4.0982833,0.060795337,-1.2844028,0.068860225,0.6112317,1262.1326,0.00012818477,3.575671,0.31155953,0.0930814,-1.1039023,0.32653508,0.069090016,810.52954,-0.0005625635,4.1206374,2.6391854801958528,0.8150001214386436,0.8755633234977722
476,predict,4.098288,0.060793635,-1.2845826,0.0688563,0.61119205,1262.1326,0.00012818477,3.575721,0.31155962,0.09308359,-1.1039093,0.32652774,0.0690898,810.5055,-0.0005626449,4.1206527,2.638085688070068,0.8146604974437415,0.8191150426864624
477,predict,4.098292,0.06081668,-1.2847567,0.068852544,0.6111532,1262.1326,0.00012818477,3.575768,0.31155974,0.09308582,-1.1039151,0.32652086,0.06908926,810.4832,-0.00056272687,4.1206675,2.637581965419105,0.8145049441395926,0.7708255648612976
478,predict,4.0982943,0.060835645,-1.2849286,0.06884899,0.61111474,1262.1326,0.00012818477,3.5758126,0.3115598,0.0930881,-1.1039202,0.32651427,0.06908907,810.46277,-0.0005628094,4.120681,2.636671683696829,0.8142238423679418,0.7672512531280518
479,predict,4.0982966,0.06084382,-1.2850956,0.06884561,0.61107695,1262.1326,0.00012818475,3.5758548,0.31155986,0.09309042,-1.1039253,0.326508,0.06908865,810.44434,-0.0005628932,4.120691,2.635769221337347,0.8139451552737261,0.8034581542015076
480,predict,4.098299,0.060849756,-1.2852597,0.06884236,0.61103976,1262.1326,0.00012818475,3.575895,0.31155992,0.0930928,-1.1039306,0.32650203,0.06908849,810.4276,-0.0005629787,4.120698,2.6347814198883737,0.813640114833442,0.8484105467796326
481,predict,4.0983014,0.06085828,-1.2854203,0.06883921,0.61100316,1262.1326,0.00012818475,3.5759332,0.31156,0.09309522,-1.103936,0.32649627,0.06908817,810.4122,-0.00056306523,4.1207037,2.63408550959066,0.8134252125534003,0.8805641531944275
482,predict,4.0983033,0.06086748,-1.2855785,0.068836145,0.6109672,1262.1326,0.00012818475,3.5759697,0.31156003,0.0930977,-1.1039413,0.3264908,0.06908803,810.3978,-0.0005631525,4.1207085,2.632719687990451,0.8130034366765676,0.8923092484474182
483,predict,4.098305,0.060876407,-1.2857335,0.06883314,0.61093193,1262.1326,0.00012818475,3.5760045,0.31156006,0.09310023,-1.1039469,0.32648557,0.06908778,810.38446,-0.0005632404,4.1207123,2.632191889655762,0.8128404486220733,0.8816511034965515
484,predict,4.098307,0.060884636,-1.2858857,0.06883019,0.6108973,1262.1326,0.00012818475,3.576038,0.31156012,0.0931028,-1.1039524,0.32648057,0.06908766,810.3721,-0.00056332926,4.120716,2.631256709948596,0.8125516581673566,0.8553209900856018
485,predict,4.0983086,0.060891673,-1.2860358,0.068827316,0.6108634,1262.1326,0.00012818475,3.5760696,0.31156015,0.09310542,-1.1039578,0.32647577,0.06908747,810.36053,-0.0005634192,4.12072,2.6304272888975686,0.8122955267728853,0.8347867131233215
486,predict,4.09831,0.060897525,-1.2861836,0.0688245,0.6108302,1262.1326,0.00012818475,3.5760999,0.3115602,0.09310809,-1.103963,0.3264712,0.069087364,810.3498,-0.00056351005,4.1207237,2.6301149931281187,0.812199087514661,0.8412771821022034
487,predict,4.0983114,0.060902633,-1.2863295,0.06882177,0.61079776,1262.1326,0.00012818475,3.5761287,0.31156024,0.09311081,-1.103968,0.32646686,0.06908722,810.3399,-0.0005636015,4.120728,2.6288809770341,0.8118180141592529,0.8676957488059998
488,predict,4.098313,0.06090733,-1.2864736,0.06881912,0.6107661,1262.1326,0.00012818475,3.5761561,0.31156027,0.093113564,-1.1039728,0.32646272,0.06908713,810.3307,-0.0005636937,4.120732,2.628043649298096,0.8115594411216063,0.8810265064239502
489,predict,4.0983143,0.060911614,-1.2866162,0.06881654,0.6107352,1262.1326,0.00012818475,3.5761826,0.3115603,0.09311638,-1.1039773,0.32645875,0.06908701,810.3222,-0.0005637867,4.120735,2.627078724732391,0.8112614652331627,0.8572445511817932
490,predict,4.0983157,0.060915686,-1.2867575,0.06881404,0.6107051,1262.1326,0.00012818475,3.5762079,0.3115603,0.093119234,-1.1039816,0.32645497,0.06908695,810.31433,-0.0005638804,4.1207385,2.626449520892876,0.8110671624039518,0.8032388687133789
491,predict,4.0983167,0.060920015,-1.2868974,0.068811595,0.6106758,1262.1326,0.00012818475,3.576232,0.31156033,0.09312214,-1.1039857,0.32645133,0.06908686,810.307,-0.0005639748,4.1207414,2.624793425978597,0.8105557479670434,0.747746467590332
492,predict,4.0983176,0.060924765,-1.2870363,0.068809204,0.61064744,1262.1326,0.00012818475,3.5762553,0.31156036,0.09312508,-1.1039896,0.32644784,0.0690868,810.3003,-0.0005640697,4.120744,2.62438245869195,0.810428838209833,0.71446692943573
493,predict,4.0983186,0.06092865,-1.2871742,0.06880687,0.6106199,1262.1326,0.00012818475,3.5762775,0.3115604,0.09312807,-1.1039933,0.32644454,0.06908673,810.29407,-0.00056416524,4.120746,2.623537649251843,0.8101679547662684,0.7065989971160889
494,predict,4.098319,0.060931843,-1.2873114,0.068804584,0.6105932,1262.1326,0.00012818475,3.576299,0.3115604,0.0931311,-1.103997,0.32644135,0.06908668,810.2883,-0.00056426134,4.120748,2.6225844234023707,0.8098735915284785,0.719284176826477
495,predict,4.09832,0.060934838,-1.2874478,0.06880235,0.61056745,1262.1326,0.00012818475,3.5763197,0.31156042,0.09313417,-1.1040004,0.3264383,0.069086626,810.28296,-0.00056435796,4.12075,2.622026605354956,0.8097013331632384,0.7556484937667847
496,predict,4.0983205,0.060937736,-1.2875835,0.068800166,0.6105426,1262.1326,0.00012818475,3.5763397,0.31156042,0.09313727,-1.1040039,0.3264354,0.06908658,810.278,-0.0005644551,4.1207514,2.620847550331488,0.809337232195527,0.8238341808319092
497,predict,4.0983214,0.06094045,-1.2877185,0.06879803,0.6105187,1262.1326,0.00012818475,3.5763588,0.31156045,0.09314041,-1.1040072,0.3264326,0.069086544,810.2734,-0.0005645527,4.120753,2.620279136963296,0.8091617019163632,0.9178206324577332
498,predict,4.098322,0.060942955,-1.2878529,0.068795934,0.61049575,1262.1326,0.00012818475,3.5763774,0.31156045,0.093143575,-1.1040105,0.3264299,0.06908651,810.2691,-0.0005646507,4.1207542,2.6193252015432416,0.8088671195578958,0.9995442628860474
499,predict,4.0983224,0.060945265,-1.2879865,0.06879389,0.6104737,1262.1326,0.00012818475,3.5763953,0.31156045,0.093146764,-1.1040136,0.32642734,0.06908648,810.26514,-0.0005647491,4.1207557,2.618523229185791,0.8086194645243192,1.0136151313781738
500,predict,4.098323,0.06094738,-1.2881192,0.06879189,0.61045253,1262.1326,0.00012818475,3.5764124,0.31156048,0.093149975,-1.1040165,0.32642487,0.06908645,810.2615,-0.0005648479,4.120757,2.61771928339478,0.8083712000797698,0.9408798813819885
501,predict,4.0983233,0.06094935,-1.2882508,0.06878993,0.6104324,1262.1326,0.00012818475,3.5764291,0.31156048,0.0931532,-1.1040194,0.3264225,0.06908642,810.25806,-0.000564947,4.120758,2.616624310038111,0.8080330641566398,0.8261483311653137
502,predict,4.098324,0.060951214,-1.288381,0.06878801,0.61041313,1262.1326,0.00012818475,3.576445,0.31156048,0.09315644,-1.1040223,0.32642028,0.0690864,810.2549,-0.0005650465,4.120759,2.615612903731958,0.8077207343607524,0.739086389541626
503,predict,4.0983243,0.060952988,-1.2885095,0.06878612,0.6103948,1262.1326,0.00012818475,3.5764608,0.3115605,0.09315969,-1.1040249,0.3264181,0.06908638,810.252,-0.0005651462,4.12076,2.615032851005045,0.8075416097609762,0.7224881649017334
504,predict,4.098325,0.060954664,-1.2886358,0.06878428,0.6103774,1262.1326,0.00012818475,3.5764759,0.3115605,0.09316295,-1.1040275,0.32641605,0.069086365,810.24927,-0.0005652463,4.120761,2.61442528695733,0.8073539894605521,0.7732227444648743
505,predict,4.0983253,0.06095625,-1.2887592,0.06878247,0.61036086,1262.1326,0.00012818475,3.5764904,0.3115605,0.093166195,-1.10403,0.32641405,0.06908634,810.24677,-0.0005653465,4.120762,2.612996590481093,0.8069127973539837,0.8527089357376099
506,predict,4.0983257,0.060957767,-1.2888792,0.06878069,0.6103452,1262.1326,0.00012818475,3.5765045,0.3115605,0.09316944,-1.1040324,0.32641214,0.06908633,810.2444,-0.00056544703,4.1207623,2.6119021416030552,0.8065748233937592,0.9146724343299866
507,predict,4.0983257,0.060959227,-1.2889944,0.06877895,0.6103304,1262.1326,0.00012818475,3.5765183,0.3115605,0.09317268,-1.1040347,0.32641032,0.06908632,810.24225,-0.0005655477,4.120763,2.611262520740694,0.8063773037103528,0.9324138760566711
508,predict,4.098326,0.060960595,-1.2891042,0.06877724,0.6103164,1262.1326,0.00012818475,3.5765314,0.31156054,0.09317589,-1.1040369,0.32640857,0.069086306,810.24023,-0.0005656486,4.120764,2.609949225507,0.8059717483664873,0.9072017669677734
509,predict,4.098326,0.06096188,-1.2892071,0.068775564,0.6103032,1262.1326,0.00012818475,3.5765443,0.31156054,0.093179084,-1.104039,0.32640687,0.0690863,810.23834,-0.00056574965,4.1207643,2.609860733517116,0.8059444213813083,0.8580777049064636
510,predict,4.0983267,0.060963113,-1.2893018,0.06877392,0.6102909,1262.1326,0.00012818475,3.576557,0.31156054,0.09318226,-1.1040411,0.32640526,0.06908629,810.23663,-0.0005658509,4.1207647,2.608442166720513,0.8055063573952128,0.8095864057540894
511,predict,4.0983267,0.06096429,-1.2893867,0.06877229,0.6102792,1262.1326,0.00012818475,3.576569,0.31156054,0.093185395,-1.104043,0.3264037,0.069086276,810.23505,-0.00056595216,4.120765,2.607448556768394,0.8051995232459207,0.784229576587677
512,predict,4.098327,0.060965415,-1.2894602,0.06877071,0.6102683,1262.1326,0.00012818475,3.5765808,0.31156054,0.093188494,-1.1040449,0.32640222,0.06908627,810.2335,-0.0005660536,4.120765,2.606593095341394,0.8049353503895138,0.7896995544433594
513,predict,4.098327,0.060966488,-1.2895207,0.06876914,0.6102581,1262.1326,0.00012818475,3.5765922,0.31156054,0.09319156,-1.1040468,0.32640082,0.06908626,810.2322,-0.0005661551,4.1207657,2.605510802783339,0.8046011303913873,0.8091021180152893
514,predict,4.0983276,0.060967512,-1.2895668,0.06876761,0.6102485,1262.1326,0.00012818475,3.5766034,0.31156054,0.093194574,-1.1040486,0.32639945,0.06908626,810.2309,-0.0005662567,4.120766,2.604923629746771,0.8044198069869886,0.819064199924469
515,predict,4.0983276,0.06096849,-1.289597,0.068766095,0.61023957,1262.1326,0.00012818475,3.5766141,0.31156054,0.09319755,-1.1040503,0.32639813,0.06908625,810.2297,-0.0005663583,4.1207666,2.603740941448564,0.804054584036993,0.8128263354301453
516,predict,4.098328,0.060969427,-1.2896106,0.06876461,0.6102313,1262.1326,0.00012818475,3.5766246,0.31156057,0.09320047,-1.104052,0.32639688,0.069086246,810.2286,-0.00056646,4.1207666,2.603044653245578,0.8038395650569903,0.7959732413291931
517,predict,4.098328,0.06097033,-1.2896072,0.06876315,0.6102235,1262.1326,0.00012818475,3.576635,0.31156057,0.09320333,-1.1040535,0.32639566,0.069086246,810.22754,-0.0005665617,4.120767,2.602230156893853,0.8035880425207576,0.7734045386314392
518,predict,4.098328,0.060971193,-1.289587,0.068761714,0.61021626,1262.1326,0.00012818475,3.576645,0.31156057,0.09320614,-1.104055,0.3263945,0.06908624,810.2266,-0.0005666634,4.120767,2.6013094691069902,0.8033037272789032,0.7501543760299683
519,predict,4.098328,0.06097202,-1.289551,0.0687603,0.6102095,1262.1326,0.00012818475,3.5766547,0.31156057,0.09320888,-1.1040566,0.3263934,0.06908624,810.2257,-0.000566765,4.1207676,2.600661730532224,0.8031037007854809,0.7388501167297363
520,predict,4.0983286,0.06097282,-1.289501,0.06875891,0.61020327,1262.1326,0.00012818475,3.5766642,0.31156057,0.09321157,-1.104058,0.32639232,0.06908624,810.2249,-0.00056686666,4.1207676,2.599577188415391,0.8027687861068585,0.7564730644226074
521,predict,4.0983286,0.06097359,-1.289439,0.06875754,0.6101975,1262.1326,0.00012818475,3.5766735,0.31156057,0.093214184,-1.1040593,0.32639128,0.06908623,810.2242,-0.00056696817,4.1207676,2.599040380832116,0.8026030159293394,0.8100137114524841
522,predict,4.0983286,0.060974326,-1.2893678,0.06875619,0.61019206,1262.1326,0.00012818475,3.5766823,0.31156057,0.09321674,-1.1040606,0.3263903,0.06908623,810.22345,-0.0005670696,4.120768,2.597878935645345,0.8022443530102812,0.8903235793113708
523,predict,4.0983286,0.060975038,-1.2892902,0.06875487,0.6101871,1262.1326,0.00012818475,3.5766912,0.31156057,0.09321923,-1.104062,0.32638937,0.069086224,810.22284,-0.00056717097,4.120768,2.597172262396377,0.8020261270507767,0.9792382717132568
524,predict,4.098329,0.060975723,-1.2892088,0.068753555,0.61018246,1262.1326,0.00012818475,3.5766997,0.31156057,0.09322165,-1.1040632,0.32638845,0.069086224,810.22217,-0.00056727213,4.120768,2.596626540058053,0.8018576039305401,1.0575898885726929
525,predict,4.098329,0.060976386,-1.2891262,0.06875227,0.6101782,1262.1326,0.00012818475,3.576708,0.31156057,0.09322401,-1.1040643,0.32638758,0.069086224,810.2216,-0.0005673731,4.1207685,2.595259980221761,0.8014356000809097,1.1094191074371338
526,predict,4.098329,0.060977023,-1.289044,0.068751,0.61017424,1262.1326,0.00012818475,3.5767162,0.31156057,0.0932263,-1.1040654,0.32638675,0.069086224,810.2211,-0.00056747394,4.1207685,2.594562098329673,0.8012200889578494,1.126872181892395
527,predict,4.098329,0.06097764,-1.2889638,0.06874975,0.6101706,1262.1326,0.00012818475,3.5767243,0.31156057,0.09322852,-1.1040666,0.32638595,0.069086224,810.22064,-0.00056757446,4.1207685,2.5938930083142098,0.8010134689806072,1.1142209768295288
528,predict,4.098329,0.060978238,-1.2888862,0.06874852,0.6101672,1262.1326,0.00012818475,3.576732,0.31156057,0.09323067,-1.1040676,0.32638517,0.069086224,810.22015,-0.00056767475,4.1207685,2.592958893522136,0.800725007379598,1.084242820739746
529,predict,4.098329,0.06097881,-1.2888114,0.0687473,0.6101641,1262.1326,0.00012818475,3.5767395,0.31156057,0.09323276,-1.1040686,0.32638443,0.06908622,810.2198,-0.00056777475,4.120769,2.592062030918104,0.8004480495315479,1.0463817119598389
530,predict,4.0983295,0.060979366,-1.2887396,0.068746105,0.6101612,1262.1326,0.00012818475,3.5767472,0.31156057,0.09323478,-1.1040696,0.3263837,0.06908622,810.21936,-0.0005678744,4.120769,2.591475119557833,0.8002668069347376,0.9970305562019348
531,predict,4.0983295,0.060979906,-1.2886702,0.06874492,0.61015856,1262.1326,0.00012818475,3.5767543,0.31156057,0.09323674,-1.1040705,0.32638302,0.06908622,810.219,-0.0005679737,4.120769,2.5903525314908897,0.7999201433835209,0.9246594309806824
532,predict,4.0983295,0.060980428,-1.2886028,0.06874376,0.6101561,1262.1326,0.00012818475,3.5767615,0.31156057,0.09323863,-1.1040715,0.32638237,0.06908622,810.2187,-0.0005680726,4.120769,2.589575884310711,0.7996803089531974,0.8294274210929871
533,predict,4.0983295,0.060980935,-1.2885374,0.0687426,0.61015385,1262.1326,0.00012818475,3.5767684,0.31156057,0.09324046,-1.1040723,0.32638174,0.06908622,810.2184,-0.00056817103,4.120769,2.588963688352594,0.799491258284363,0.7300488352775574
534,predict,4.0983295,0.060981423,-1.2884735,0.06874147,0.61015177,1262.1326,0.00012818475,3.576775,0.31156057,0.093242235,-1.1040732,0.32638112,0.06908622,810.2181,-0.000568269,4.120769,2.587616244301217,0.7990751575314055,0.6467941999435425
535,predict,4.0983295,0.060981896,-1.2884111,0.06874035,0.61014986,1262.1326,0.00012818475,3.5767817,0.31156057,0.09324394,-1.104074,0.32638055,0.06908622,810.21783,-0.0005683664,4.120769,2.5863209332096373,0.7986751558244924,0.591086208820343
536,predict,4.0983295,0.060982358,-1.2883505,0.06873925,0.6101481,1262.1326,0.00012818475,3.5767884,0.31156057,0.093245596,-1.1040747,0.32637998,0.06908621,810.2176,-0.00056846323,4.1207695,2.585494168803439,0.7984198448217193,0.5696454644203186
537,predict,4.0983295,0.060982805,-1.2882916,0.06873816,0.61014646,1262.1326,0.00012818475,3.5767946,0.31156057,0.09324719,-1.1040756,0.32637945,0.06908621,810.21735,-0.00056855945,4.1207695,2.584581552872451,0.7981380222290432,0.586081862449646
538,predict,4.0983295,0.06098324,-1.2882348,0.06873708,0.610145,1262.1326,0.00012818475,3.5768008,0.31156057,0.09324873,-1.1040763,0.32637894,0.06908621,810.21716,-0.00056865497,4.1207695,2.583236390539687,0.7977226260877778,0.6394684314727783
539,predict,4.0983295,0.06098366,-1.2881805,0.068736024,0.6101436,1262.1326,0.00012818475,3.576807,0.31156057,0.09325022,-1.104077,0.32637843,0.06908621,810.2169,-0.00056874985,4.1207695,2.582605524575874,0.7975278099822113,0.7190112471580505
540,predict,4.0983295,0.06098407,-1.2881287,0.06873497,0.6101423,1262.1326,0.00012818475,3.576813,0.31156057,0.09325166,-1.1040776,0.32637796,0.06908621,810.21674,-0.0005688439,4.1207695,2.581507883260228,0.7971888501734898,0.7915440201759338
541,predict,4.09833,0.06098447,-1.2880797,0.06873394,0.61014116,1262.1326,0.00012818475,3.576819,0.31156057,0.093253046,-1.1040783,0.32637748,0.06908621,810.21655,-0.00056893716,4.1207695,2.5808935039716263,0.7969991252759497,0.8136726021766663
542,predict,4.09833,0.060984857,-1.2880338,0.06873292,0.6101401,1262.1326,0.00012818475,3.5768247,0.31156057,0.09325438,-1.1040789,0.32637706,0.06908621,810.21643,-0.00056902965,4.1207695,2.579425790623236,0.7965458844688327,0.7749969363212585
543,predict,4.09833,0.060985237,-1.2879909,0.068731904,0.6101391,1262.1326,0.00012818475,3.5768301,0.31156057,0.09325567,-1.1040795,0.32637662,0.06908621,810.2163,-0.00056912116,4.1207695,2.5786836070095487,0.7963166926443763,0.7061705589294434
544,predict,4.09833,0.060985606,-1.2879511,0.06873091,0.6101382,1262.1326,0.00012818475,3.5768356,0.31156057,0.09325691,-1.1040801,0.32637623,0.06908621,810.2161,-0.0005692118,4.1207695,2.577887109969352,0.7960707284295241,0.6459636688232422
545,predict,4.09833,0.060985964,-1.2879145,0.06872992,0.61013734,1262.1326,0.00012818475,3.576841,0.31156057,0.09325811,-1.1040806,0.32637584,0.06908621,810.216,-0.0005693014,4.1207695,2.576940131700304,0.7957782944910741,0.6172541975975037
546,predict,4.09833,0.060986314,-1.2878811,0.068728946,0.61013657,1262.1326,0.00012818475,3.5768464,0.31156057,0.093259275,-1.1040812,0.32637545,0.06908621,810.2159,-0.00056939,4.1207695,2.576495650873616,0.7956410355032363,0.6228592395782471
547,predict,4.09833,0.060986657,-1.2878512,0.068727985,0.6101359,1262.1326,0.00012818475,3.5768516,0.31156057,0.093260385,-1.1040816,0.3263751,0.06908621,810.2158,-0.0005694776,4.1207695,2.5755834214748803,0.7953593322745969,0.6514342427253723
548,predict,4.09833,0.06098699,-1.2878246,0.06872703,0.61013526,1262.1326,0.00012818475,3.5768566,0.31156057,0.093261465,-1.1040821,0.32637474,0.06908621,810.2157,-0.00056956406,4.1207695,2.5747901972724088,0.7951143787363959,0.6875705122947693
549,predict,4.09833,0.060987316,-1.2878016,0.06872609,0.61013466,1262.1326,0.00012818475,3.5768616,0.31156057,0.0932625,-1.1040826,0.3263744,0.06908621,810.2156,-0.00056964945,4.1207695,2.573492760008408,0.7947137204516129,0.7194011211395264
550,predict,4.09833,0.060987633,-1.2877823,0.06872516,0.6101341,1262.1326,0.00012818475,3.5768666,0.31156057,0.09326351,-1.1040831,0.3263741,0.06908621,810.2155,-0.0005697336,4.1207695,2.572648938257243,0.7944531420137454,0.7407781481742859
551,predict,4.09833,0.060987946,-1.2877666,0.068724245,0.6101336,1262.1326,0.00012818475,3.5768714,0.31156057,0.09326447,-1.1040835,0.3263738,0.06908621,810.21545,-0.0005698166,4.1207695,2.571694993687333,0.7941585568297345,0.7501800060272217
552,predict,4.09833,0.06098825,-1.2877545,0.068723336,0.6101332,1262.1326,0.00012818475,3.5768762,0.31156057,0.0932654,-1.1040839,0.3263735,0.06908621,810.21533,-0.0005698984,4.1207695,2.570802112187228,0.793882828376211,0.7481390833854675
553,predict,4.09833,0.06098855,-1.2877463,0.068722434,0.61013275,1262.1326,0.00012818475,3.5768807,0.31156057,0.0932663,-1.1040844,0.32637322,0.06908621,810.2153,-0.00056997896,4.1207695,2.5704466352297626,0.7937730544457022,0.7345452308654785
554,predict,4.09833,0.06098884,-1.2877417,0.06872155,0.61013234,1262.1326,0.00012818475,3.5768852,0.31156057,0.093267165,-1.1040847,0.32637295,0.06908621,810.2152,-0.00057005824,4.1207695,2.5688210237146,0.7932710535093485,0.7099009156227112
555,predict,4.09833,0.060989127,-1.2877407,0.06872067,0.610132,1262.1326,0.00012818475,3.5768898,0.31156057,0.09326801,-1.1040851,0.32637268,0.06908621,810.21515,-0.00057013624,4.1207695,2.5681943085282377,0.7930775191947558,0.6790791153907776
556,predict,4.09833,0.060989406,-1.2877433,0.0687198,0.6101317,1262.1326,0.00012818475,3.576894,0.31156057,0.09326881,-1.1040854,0.3263724,0.06908621,810.2151,-0.00057021296,4.1207695,2.567118549490559,0.7927453167963545,0.6527771949768066
557,predict,4.09833,0.06098968,-1.2877494,0.06871894,0.6101313,1262.1326,0.00012818475,3.5768983,0.31156057,0.09326959,-1.1040858,0.32637218,0.06908621,810.215,-0.0005702884,4.1207695,2.56564824083157,0.7922912745380062,0.6473059058189392
558,predict,4.09833,0.06098995,-1.287759,0.06871809,0.6101311,1262.1326,0.00012818475,3.5769026,0.31156057,0.09327034,-1.1040862,0.32637194,0.06908621,810.215,-0.0005703625,4.1207695,2.565095020062529,0.7921204358465483,0.679014265537262
559,predict,4.09833,0.060990214,-1.2877718,0.06871724,0.61013085,1262.1326,0.00012818475,3.576907,0.31156057,0.09327106,-1.1040865,0.32637173,0.06908621,810.21497,-0.0005704353,4.1207695,2.5641103549879283,0.7918163639420166,0.747131884098053
560,predict,4.09833,0.060990475,-1.2877878,0.06871641,0.6101306,1262.1326,0.00012818475,3.576911,0.31156057,0.09327176,-1.1040869,0.32637152,0.06908621,810.2149,-0.00057050673,4.1207695,2.5629967412628862,0.7914724717343807,0.8204197287559509
561,predict,4.09833,0.060990732,-1.2878069,0.06871559,0.61013037,1262.1326,0.00012818475,3.5769148,0.31156057,0.09327244,-1.1040871,0.3263713,0.06908621,810.2149,-0.0005705769,4.1207695,2.562215261677653,0.7912311450214058,0.8551192283630371
562,predict,4.09833,0.06099098,-1.2878289,0.06871477,0.6101302,1262.1326,0.00012818475,3.5769188,0.31156057,0.09327309,-1.1040875,0.3263711,0.06908621,810.21484,-0.00057064573,4.1207695,2.560545602352565,0.7907155417934709,0.8334769010543823
563,predict,4.09833,0.060991228,-1.2878537,0.068713956,0.61013,1262.1326,0.00012818475,3.5769227,0.31156057,0.09327372,-1.1040877,0.32637092,0.06908621,810.21484,-0.0005707133,4.1207695,2.559636151063233,0.7904346964656945,0.7785032391548157
564,predict,4.09833,0.060991473,-1.2878811,0.06871316,0.61012983,1262.1326,0.00012818475,3.5769265,0.31156057,0.093274325,-1.104088,0.32637072,0.06908621,810.2148,-0.0005707795,4.1207695,2.5588407660592987,0.7901890756559178,0.733190655708313
565,predict,4.09833,0.060991712,-1.287911,0.06871237,0.6101297,1262.1326,0.00012818475,3.5769303,0.31156057,0.093274914,-1.1040882,0.32637057,0.06908621,810.2148,-0.00057084445,4.1207695,2.558150594881186,0.7899759456587288,0.728829562664032
566,predict,4.09833,0.06099195,-1.2879431,0.06871158,0.61012954,1262.1326,0.00012818475,3.5769339,0.31156057,0.09327548,-1.1040885,0.3263704,0.06908621,810.2147,-0.00057090813,4.1207695,2.5570264735966,0.7896288086384913,0.7644957304000854
567,predict,4.09833,0.06099218,-1.2879773,0.068710804,0.6101294,1262.1326,0.00012818475,3.5769374,0.31156057,0.093276024,-1.1040888,0.3263702,0.06908621,810.2147,-0.00057097053,4.1207695,2.556433649452178,0.7894457401299225,0.813945472240448
568,predict,4.09833,0.060992412,-1.2880133,0.06871003,0.6101293,1262.1326,0.00012818475,3.576941,0.31156057,0.09327655,-1.104089,0.32637006,0.06908621,810.21466,-0.0005710317,4.12077,2.555713238674044,0.7892232719191542,0.8530308604240417
569,predict,4.09833,0.06099264,-1.288051,0.06870927,0.6101292,1262.1326,0.00012818475,3.5769446,0.31156057,0.09327707,-1.1040891,0.3263699,0.06908621,810.21466,-0.00057109166,4.12077,2.5545969819586856,0.7888785635364352,0.8726057410240173
570,predict,4.09833,0.060992863,-1.2880902,0.06870852,0.6101291,1262.1326,0.00012818475,3.576948,0.31156057,0.09327756,-1.1040894,0.32636976,0.06908621,810.2146,-0.0005711504,4.12077,2.55376800372233,0.7886225688864306,0.8700445890426636
571,predict,4.09833,0.060993083,-1.2881305,0.068707764,0.610129,1262.1326,0.00012818475,3.5769515,0.31156057,0.093278036,-1.1040896,0.32636964,0.06908621,810.2146,-0.00057120796,4.12077,2.551860948935955,0.7880336561729634,0.8421344757080078
572,predict,4.09833,0.060993303,-1.2881718,0.06870703,0.61012894,1262.1326,0.00012818475,3.5769548,0.31156057,0.09327849,-1.1040899,0.3263695,0.06908621,810.2146,-0.00057126436,4.12077,2.551328929617647,0.7878693646473081,0.7894524335861206
573,predict,4.09833,0.06099352,-1.2882137,0.06870629,0.6101288,1262.1326,0.00012818475,3.576958,0.31156057,0.09327894,-1.10409,0.32636937,0.06908621,810.2146,-0.0005713196,4.12077,2.550636749504259,0.7876556142759522,0.7268679738044739
574,predict,4.09833,0.06099373,-1.2882562,0.06870556,0.61012876,1262.1326,0.00012818475,3.5769613,0.31156057,0.09327936,-1.1040902,0.32636926,0.06908621,810.2146,-0.00057137373,4.12077,2.549401242473685,0.7872740805082379,0.6828421354293823
575,predict,4.09833,0.060993943,-1.2882987,0.06870484,0.6101287,1262.1326,0.00012818475,3.5769644,0.31156057,0.09327978,-1.1040903,0.32636914,0.06908621,810.21454,-0.0005714268,4.12077,2.548428889745006,0.7869738107477754,0.6757136583328247
576,predict,4.09833,0.060994152,-1.2883413,0.06870413,0.61012864,1262.1326,0.00012818475,3.5769675,0.31156057,0.09328018,-1.1040906,0.32636902,0.06908621,810.21454,-0.0005714788,4.12077,2.547069598104656,0.7865540513711538,0.6967171430587769
577,predict,4.09833,0.06099436,-1.2883835,0.06870342,0.6101286,1262.1326,0.00012818475,3.5769706,0.31156057,0.09328057,-1.1040907,0.3263689,0.06908621,810.21454,-0.0005715298,4.12077,2.5461285778508818,0.7862634573121695,0.7237739562988281
578,predict,4.09833,0.060994565,-1.288425,0.06870271,0.6101285,1262.1326,0.00012818475,3.5769737,0.31156057,0.09328094,-1.1040908,0.3263688,0.06908621,810.21454,-0.00057157973,4.12077,2.5452211324936247,0.7859832314311495,0.7415518760681152
579,predict,4.09833,0.06099477,-1.2884655,0.06870202,0.6101285,1262.1326,0.00012818475,3.5769765,0.31156057,0.09328131,-1.104091,0.3263687,0.06908621,810.21454,-0.0005716287,4.12077,2.543976022053492,0.785598732059079,0.7459129095077515
580,predict,4.09833,0.060994975,-1.2885048,0.06870133,0.61012846,1262.1326,0.00012818475,3.5769794,0.31156057,0.09328166,-1.1040912,0.3263686,0.06908621,810.2145,-0.0005716767,4.12077,2.543055926187608,0.7853145996068289,0.7390092611312866
581,predict,4.09833,0.060995176,-1.2885425,0.06870064,0.6101284,1262.1326,0.00012818475,3.5769823,0.31156057,0.09328199,-1.1040913,0.3263685,0.06908621,810.2145,-0.0005717238,4.12077,2.541878209623886,0.7849509119654501,0.7249668836593628
582,predict,4.09833,0.060995374,-1.2885784,0.06869997,0.6101284,1262.1326,0.00012818475,3.5769851,0.31156057,0.09328232,-1.1040914,0.32636842,0.06908621,810.2145,-0.00057176995,4.12077,2.5411672311173543,0.7847313565103631,0.7078112959861755
583,predict,4.09833,0.060995575,-1.2886121,0.06869929,0.61012834,1262.1326,0.00012818475,3.576988,0.31156057,0.09328264,-1.1040915,0.32636833,0.06908621,810.2145,-0.00057181524,4.12077,2.540126247570258,0.78440989304231,0.6905204057693481
584,predict,4.09833,0.060995772,-1.2886435,0.06869863,0.61012834,1262.1326,0.00012818475,3.5769908,0.31156057,0.093282945,-1.1040916,0.32636824,0.06908621,810.2145,-0.0005718597,4.12077,2.538963090998942,0.7840507016349655,0.6756447553634644
585,predict,4.09833,0.06099597,-1.2886721,0.06869797,0.6101283,1262.1326,0.00012818475,3.5769935,0.31156057,0.093283236,-1.1040919,0.32636815,0.06908621,810.2145,-0.0005719033,4.12077,2.537987787580433,0.7837495206795196,0.6675339341163635
586,predict,4.09833,0.060996167,-1.2886977,0.06869731,0.6101283,1262.1326,0.00012818475,3.576996,0.31156057,0.09328353,-1.1040919,0.3263681,0.06908621,810.2145,-0.00057194615,4.12077,2.537338117137315,0.78354889761077,0.6714939475059509
587,predict,4.09833,0.06099636,-1.2887203,0.06869666,0.6101282,1262.1326,0.00012818475,3.5769987,0.31156057,0.0932838,-1.104092,0.326368,0.06908621,810.2145,-0.00057198823,4.12077,2.536394054894885,0.7832573641630455,0.6865551471710205
588,predict,4.09833,0.060996555,-1.2887393,0.068696015,0.6101282,1262.1326,0.00012818475,3.5770013,0.31156057,0.09328407,-1.1040921,0.32636794,0.06908621,810.2145,-0.0005720295,4.12077,2.535420955254583,0.782956863750714,0.7021011114120483
589,predict,4.09833,0.060996752,-1.2887548,0.068695374,0.6101282,1262.1326,0.00012818475,3.577004,0.31156057,0.09328433,-1.1040922,0.32636788,0.06908621,810.2144,-0.00057207013,4.12077,2.534604071064045,0.7827046038320817,0.7074226140975952
590,predict,4.09833,0.060996946,-1.2887667,0.06869474,0.61012816,1262.1326,0.00012818475,3.5770063,0.31156057,0.09328458,-1.1040924,0.3263678,0.06908621,810.2144,-0.00057211,4.12077,2.533853131239693,0.7824727080245939,0.7012374401092529
591,predict,4.09833,0.06099714,-1.288775,0.068694115,0.61012816,1262.1326,0.00012818475,3.5770087,0.31156057,0.09328482,-1.1040925,0.32636774,0.06908621,810.2144,-0.0005721492,4.12077,2.532538998172879,0.7820668939516245,0.6905982494354248
592,predict,4.09833,0.060997333,-1.2887794,0.06869349,0.61012816,1262.1326,0.00012818475,3.5770113,0.31156057,0.093285054,-1.1040926,0.32636768,0.06908621,810.2144,-0.00057218777,4.12077,2.5313900362171773,0.7817120859472414,0.6866605877876282
593,predict,4.09833,0.060997527,-1.28878,0.06869286,0.61012816,1262.1326,0.00012818475,3.5770137,0.31156057,0.093285285,-1.1040926,0.32636762,0.06908621,810.2144,-0.0005722257,4.12077,2.530395472812363,0.78140495736466,0.7012081742286682
594,predict,4.09833,0.06099772,-1.288777,0.06869225,0.61012816,1262.1326,0.00012818475,3.577016,0.31156057,0.0932855,-1.1040927,0.32636756,0.06908621,810.2144,-0.00057226303,4.12077,2.529448876506348,0.7811126413792376,0.7387712597846985
595,predict,4.09833,0.060997915,-1.2887704,0.06869164,0.6101281,1262.1326,0.00012818475,3.5770183,0.31156057,0.09328572,-1.1040928,0.32636753,0.06908621,810.2144,-0.00057229976,4.12077,2.528316471319718,0.7807629462283866,0.7875344157218933
596,predict,4.09833,0.06099811,-1.2887605,0.06869103,0.6101281,1262.1326,0.00012818475,3.5770206,0.31156057,0.093285926,-1.104093,0.32636747,0.06908621,810.2144,-0.00057233596,4.12077,2.527155043743219,0.7804042887475116,0.8220417499542236
597,predict,4.09833,0.060998302,-1.2887474,0.068690434,0.6101281,1262.1326,0.00012818475,3.5770228,0.31156057,0.09328612,-1.104093,0.3263674,0.06908621,810.2144,-0.0005723716,4.12077,2.5270411345486123,0.7803691127403176,0.8197914361953735
598,predict,4.09833,0.0609985,-1.2887313,0.06868984,0.6101281,1262.1326,0.00012818475,3.5770252,0.31156057,0.09328631,-1.1040931,0.32636738,0.06908621,810.2144,-0.0005724067,4.12077,2.525452538686116,0.7798785425130386,0.7791252136230469
599,predict,4.09833,0.060998693,-1.2887126,0.06868924,0.6101281,1262.1326,0.00012818475,3.5770273,0.31156057,0.0932865,-1.1040931,0.32636732,0.06908621,810.2144,-0.0005724413,4.12077,2.524110977272677,0.7794642583624645,0.7263493537902832
600,predict,4.09833,0.06099889,-1.2886915,0.06868865,0.6101281,1262.1326,0.00012818475,3.5770295,0.31156057,0.093286686,-1.1040932,0.32636726,0.06908621,810.2144,-0.0005724755,4.12077,2.522995231938477,0.7791197078980538,0.7012349963188171
601,predict,4.09833,0.060999088,-1.2886682,0.06868807,0.61012805,1262.1326,0.00012818475,3.5770316,0.31156057,0.09328686,-1.1040933,0.32636723,0.06908621,810.2144,-0.0005725092,4.12077,2.521894396397026,0.7787797616886271,0.7215030789375305
602,predict,4.09833,0.060999285,-1.2886431,0.06868749,0.61012805,1262.1326,0.00012818475,3.5770338,0.31156057,0.09328703,-1.1040933,0.3263672,0.06908621,810.2144,-0.0005725424,4.12077,2.52085064339057,0.7784574429909088,0.7640668749809265
603,predict,4.09833,0.060999487,-1.2886164,0.06868692,0.61012805,1262.1326,0.00012818475,3.5770357,0.31156057,0.09328719,-1.1040934,0.32636714,0.06908621,810.2144,-0.00057257526,4.12077,2.519909052234564,0.7781666726330659,0.7954576015472412
604,predict,4.09833,0.060999688,-1.2885885,0.068686344,0.61012805,1262.1326,0.00012818475,3.5770378,0.31156057,0.09328735,-1.1040934,0.3263671,0.06908621,810.2144,-0.0005726076,4.12077,2.5196453238254137,0.7780852313372202,0.8073567152023315
605,predict,4.09833,0.06099989,-1.2885596,0.06868578,0.61012805,1262.1326,0.00012818475,3.5770397,0.31156057,0.093287505,-1.1040936,0.32636708,0.06908621,810.2144,-0.0005726397,4.12077,2.518153198354491,0.7776244518849501,0.8135476112365723
606,predict,4.09833,0.061000094,-1.2885299,0.06868522,0.61012805,1262.1326,0.00012818475,3.5770419,0.31156057,0.093287654,-1.1040936,0.32636705,0.06908621,810.2144,-0.0005726713,4.12077,2.51736883192559,0.777382233693162,0.8279398083686829
607,predict,4.09833,0.0610003,-1.2884997,0.06868465,0.61012805,1262.1326,0.00012818475,3.5770438,0.31156057,0.093287796,-1.1040937,0.32636702,0.06908621,810.2144,-0.0005727026,4.12077,2.5163945208919256,0.777081359193543,0.8504152894020081
608,predict,4.09833,0.061000507,-1.2884693,0.0686841,0.61012805,1262.1326,0.00012818475,3.5770457,0.31156057,0.09328794,-1.1040937,0.326367,0.06908621,810.2144,-0.0005727336,4.12077,2.5153450399136,0.7767572716554745,0.8709849119186401
609,predict,4.09833,0.061000716,-1.2884388,0.06868355,0.61012805,1262.1326,0.00012818475,3.5770476,0.31156057,0.09328807,-1.1040937,0.32636693,0.06908621,810.2144,-0.00057276426,4.12077,2.514306326328394,0.7764365091685499,0.8866634368896484
610,predict,4.09833,0.06100093,-1.2884084,0.068683,0.61012805,1262.1326,0.00012818475,3.5770495,0.31156057,0.093288206,-1.1040938,0.3263669,0.06908621,810.2144,-0.0005727946,4.12077,2.514033046959633,0.7763521184652825,0.9054600596427917
611,predict,4.09833,0.061001144,-1.2883785,0.068682455,0.61012805,1262.1326,0.00012818475,3.5770514,0.31156057,0.09328833,-1.1040938,0.3263669,0.06908621,810.2144,-0.0005728246,4.12077,2.5127731828165687,0.7759630630399255,0.9308250546455383
612,predict,4.09833,0.06100136,-1.2883489,0.06868192,0.61012805,1262.1326,0.00012818475,3.577053,0.31156057,0.09328846,-1.1040938,0.32636687,0.06908621,810.2144,-0.0005728544,4.12077,2.511371850193414,0.7755303210948757,0.9500205516815186
613,predict,4.09833,0.06100158,-1.2883201,0.06868138,0.61012805,1262.1326,0.00012818475,3.577055,0.31156057,0.09328858,-1.1040939,0.32636684,0.06908621,810.2144,-0.00057288393,4.12077,2.510445411234401,0.7752442298482518,0.9395538568496704
614,predict,4.09833,0.0610018,-1.2882922,0.068680845,0.61012805,1262.1326,0.00012818475,3.5770566,0.31156057,0.09328869,-1.1040939,0.3263668,0.06908621,810.2144,-0.0005729132,4.12077,2.509579038692897,0.7749766875584675,0.8841229677200317
615,predict,4.09833,0.061002027,-1.2882651,0.068680316,0.61012805,1262.1326,0.00012818475,3.5770586,0.31156057,0.0932888,-1.104094,0.32636678,0.06908621,810.21436,-0.00057294226,4.12077,2.508625533630505,0.7746822380976498,0.7972642779350281
616,predict,4.09833,0.06100226,-1.2882391,0.068679795,0.61012805,1262.1326,0.00012818475,3.5770602,0.31156057,0.09328891,-1.104094,0.32636675,0.06908621,810.2144,-0.00057297107,4.12077,2.50714763689738,0.7742258525855252,0.7192544937133789
617,predict,4.09833,0.06100249,-1.2882144,0.068679266,0.610128,1262.1326,0.00012818475,3.577062,0.31156057,0.09328902,-1.104094,0.32636672,0.06908621,810.21436,-0.0005729997,4.12077,2.506501315782335,0.7740262638142158,0.6846290826797485
618,predict,4.09833,0.061002728,-1.2881911,0.06867875,0.610128,1262.1326,0.00012818475,3.5770636,0.31156057,0.09328912,-1.104094,0.32636672,0.06908621,810.2144,-0.00057302817,4.12077,2.505553293921849,0.7737335076069616,0.695700466632843
619,predict,4.09833,0.061002966,-1.2881691,0.06867823,0.610128,1262.1326,0.00012818475,3.5770652,0.31156057,0.09328922,-1.1040941,0.3263667,0.06908621,810.2144,-0.00057305646,4.12077,2.504363982160915,0.7733662392823731,0.7305444478988647
620,predict,4.09833,0.061003212,-1.2881488,0.068677716,0.610128,1262.1326,0.00012818475,3.577067,0.31156057,0.093289316,-1.1040941,0.32636666,0.06908621,810.2144,-0.0005730845,4.12077,2.503209932012262,0.773009860006132,0.7657464742660522
621,predict,4.09833,0.06100346,-1.28813,0.06867721,0.610128,1262.1326,0.00012818475,3.5770686,0.31156057,0.093289405,-1.1040941,0.32636666,0.06908621,810.2144,-0.0005731125,4.12077,2.5018685109172893,0.7725956191869449,0.7895834445953369
622,predict,4.09833,0.06100372,-1.288113,0.0686767,0.610128,1262.1326,0.00012818475,3.57707,0.31156057,0.093289495,-1.1040941,0.32636663,0.06908621,810.2144,-0.00057314034,4.12077,2.500654221515708,0.7722206375809999,0.8027125597000122
